0.370395
0.257828
0.884535
0.84165
0.203385
0.109132
0.101513
0.0463007
0.871002
0.0434424
0.100862
0.336954
0.010469
0.0138576
0.310827
0.413697
0.755577
0.143724
0.355009
0.29621
0.599159
0.766181
0.524535
0.199797
0.58318
0.657064
0.477017
0.538841
0.785902
0.225467
0.531615
0.542775
0.182567
0.177828
0.283733
0.866826
0.321184
0.271321
0.824799
0.904522
0.728825
0.0443219
0.245008
0.981709
0.492781
0.351489
0.0444392
0.644085
0.74302
0.922917
0.117411
0.0624634
0.288928
0.199093
0.955044
0.652784
0.595966
0.926555
0.908783
0.716371
0.578372
0.988187
0.695414
0.46962
0.56923
0.879917
0.708306
0.455702
0.391076
0.793398
0.0705366
0.953097
0.335674
0.871325
0.617879
0.121497
0.912016
0.611058
0.1396
0.4004
0.36392
0.92139
0.750339
0.973951
0.845937
0.142208
0.0775189
0.940769
0.641064
0.850681
0.3082
0.264847
0.0243301
0.464715
0.336603
0.140536
0.169766
0.925834
0.437665
0.582652
