0.0742016
0.908624
0.525484
0.105928
0.379747
0.843005
0.440438
0.843073
0.512832
0.325709
0.29538
0.607741
0.0349487
0.927601
0.306995
0.347475
0.0660133
0.285025
0.90942
0.165783
0.522852
0.239624
0.704536
0.382051
0.595152
0.116827
0.569399
0.425506
0.639939
0.65018
0.844834
0.114955
0.770347
0.792756
0.803857
0.104746
0.274628
0.226844
0.870409
0.0849618
0.249572
0.60122
0.730592
0.758397
0.525279
0.581778
0.883568
0.134424
0.510765
0.681017
0.258706
0.741121
0.211434
0.590296
0.687416
0.442693
0.166391
0.979778
0.481607
0.975776
0.769605
0.697585
0.145116
0.763443
0.255561
0.423257
0.466333
0.75856
0.249732
0.710873
0.167372
0.627655
0.596578
0.788233
0.841738
0.583117
0.892979
0.808012
0.148323
0.795553
0.115271
0.223941
0.10061
0.0271991
0.521766
0.598422
0.488815
0.72566
0.277705
0.122599
0.0299942
0.561508
0.0818078
0.0677339
0.975194
0.0209498
0.184892
0.604215
0.486751
0.72089
