0.321447
0.00729036
0.589488
0.171717
0.729943
0.445804
0.183288
0.479737
0.601435
0.517385
0.958343
0.174556
0.947311
0.0549845
0.150732
0.384945
0.603588
0.579765
0.0387526
0.614028
0.168462
0.211552
0.303797
0.188288
0.421093
0.174194
0.349806
0.204505
0.97875
0.135118
0.650101
0.949852
0.802727
0.162651
0.0575819
0.382048
0.710295
0.410225
0.0702342
0.612743
0.156243
0.859833
0.551111
0.394568
0.93707
0.811147
0.377592
0.0225028
0.690111
0.280307
0.405369
0.996989
0.239364
0.0548775
0.572701
0.0924687
0.32598
0.149113
0.525667
0.363678
0.952097
0.140272
0.181012
0.331182
0.66851
0.989626
0.87613
0.901449
0.47425
0.152948
0.714735
0.754177
0.459641
0.302706
0.356928
0.0837659
0.0541425
0.370263
0.236499
0.309294
0.00817083
0.161691
0.114604
0.683028
0.76395
0.916589
0.143698
0.187448
0.189998
0.418771
0.562066
0.566977
0.623484
0.0533949
0.703959
0.647065
0.94477
0.147533
0.8387
0.65451
