0.710366
0.659587
0.852311
0.92287
0.0511488
0.151644
0.0876406
0.779959
0.214205
0.866958
0.592784
0.603039
0.905965
0.412188
0.110049
0.932357
0.195392
0.810794
0.266392
0.624175
0.746325
0.347352
0.722901
0.00625018
0.0314478
0.116536
0.897112
0.679387
0.837844
0.441068
0.118591
0.434876
0.999546
0.930304
0.820976
0.00679271
0.295646
0.448555
0.519741
0.692596
0.0244101
0.514557
0.989499
0.237527
0.849318
0.985498
0.8527
0.743331
0.152962
0.204452
0.263343
0.654973
0.597402
0.461857
0.23204
0.578695
0.923553
0.12671
0.979102
0.74514
0.793252
0.583948
0.857982
0.182831
0.889439
0.349262
0.557911
0.512774
0.992694
0.767673
0.470226
0.920756
0.651227
0.131412
0.958358
0.326758
0.335204
0.368972
0.215645
0.854121
0.301603
0.288648
0.977658
0.423979
0.940408
0.394893
0.728302
0.234309
0.26288
0.927899
0.950098
0.688357
0.193069
0.905287
0.805417
0.132575
0.859154
0.17698
0.00332099
0.156525
