0.325829
0.19074
0.416612
0.602568
0.455613
0.218973
0.912291
0.85862
0.69725
0.626627
0.286847
0.376134
0.403472
0.947415
0.946637
0.340921
0.118442
0.671887
0.487495
0.376244
0.779048
0.682027
0.960215
0.783285
0.790201
0.71861
0.144646
0.440552
0.501213
0.66391
0.256408
0.780494
0.824572
0.894687
0.326277
0.863541
0.504749
0.337127
0.572867
0.540721
0.758625
0.736631
0.142263
0.668125
0.451031
0.766361
0.999957
0.501571
0.472157
0.583587
0.733155
0.706426
0.511022
0.336908
0.494781
0.500154
0.430355
0.78357
0.13456
0.241679
0.240128
0.000633401
0.0577439
0.496886
0.335094
0.920949
0.737528
0.892605
0.952991
0.725035
0.401976
0.887961
0.344146
0.0210404
0.418896
0.535043
0.195489
0.57381
0.0233848
0.47962
0.514711
0.981538
0.213682
0.114083
0.60067
0.235952
0.854008
0.245896
0.0182424
0.0120831
0.893331
0.162066
0.246701
0.355244
0.193234
0.282622
0.524987
0.785701
0.0026754
0.144183
