0.74633
0.918905
0.998122
0.482197
0.357183
0.478684
0.490036
0.0124918
0.225064
0.372251
0.227218
0.502168
0.914401
0.870941
0.882825
0.765606
0.821544
0.766877
0.344194
0.478852
0.0161002
0.210636
0.887478
0.545888
0.469164
0.251204
0.819413
0.795544
0.874027
0.210052
0.0750653
0.448913
0.608353
0.229184
0.979503
0.801628
0.907295
0.125825
0.156525
0.720924
0.562584
0.698887
0.979821
0.595282
0.512576
0.907053
0.00191582
0.0590783
0.0690275
0.252395
0.986902
0.929604
0.550323
0.726804
0.0347159
0.499653
0.11685
0.861597
0.18643
0.934325
0.131292
0.480069
0.31896
0.364043
0.564939
0.939226
0.688673
0.377033
0.464729
0.419773
0.917718
0.835358
0.996692
0.582883
0.936174
0.960025
0.843712
0.365281
0.621063
0.668417
0.239211
0.426194
0.58201
0.765471
0.463183
0.0321116
0.713736
0.220602
0.400446
0.617262
0.653251
0.816085
0.398725
0.565401
0.352084
0.473573
0.972634
0.378712
0.364637
0.0839297
