0.091033
0.0719386
0.0995252
0.196579
0.187533
0.771333
0.76296
0.687944
0.81472
0.887823
0.261523
0.545828
0.97898
0.0662425
0.739906
0.193234
0.811918
0.448784
0.0546965
0.65745
0.830026
0.609542
0.218183
0.057005
0.562442
0.229984
0.895089
0.812981
0.407024
0.720951
0.661814
0.0366832
0.282829
0.892489
0.841572
0.707983
0.145649
0.774955
0.721813
0.884693
0.302312
0.685285
0.637418
0.395003
0.663452
0.763752
0.576915
0.230308
0.875829
0.598381
0.808846
0.850069
0.761685
0.148313
0.634763
0.877037
0.987129
0.607798
0.689926
0.985073
0.45715
0.0660727
0.725549
0.677564
0.564541
0.320353
0.190089
0.552239
0.357697
0.722642
0.68377
0.749479
0.576469
0.848911
0.168747
0.383169
0.885383
0.546755
0.142939
0.813929
0.940611
0.105629
0.697941
0.914146
0.53255
0.472139
0.438508
0.353595
0.625841
0.453179
0.167336
0.368571
0.177549
0.977824
0.631421
0.461448
0.913837
0.374463
0.595498
0.124075
