0.285109
0.656529
0.840203
0.64823
0.858276
0.535502
0.0665566
0.809381
0.802151
0.152804
0.803611
0.0573716
0.787495
0.785293
0.628464
0.53999
0.0879831
0.225635
0.483926
0.0996341
0.989123
0.168645
0.585822
0.289082
0.908228
0.8712
0.275142
0.383132
0.409887
0.0355501
0.89121
0.855952
0.844626
0.140805
0.253382
0.532128
0.781049
0.913317
0.87229
0.00923329
0.00472467
0.389446
0.224517
0.788871
0.367635
0.680712
0.81473
0.532802
0.277834
0.854795
0.744091
0.203882
0.373518
0.947864
0.108474
0.43227
0.264704
0.14207
0.888901
0.246263
0.127237
0.413725
0.600384
0.616431
0.668942
0.444242
0.51093
0.0333638
0.129535
0.600912
0.781978
0.811346
0.112125
0.784315
0.118724
0.707259
0.307581
0.124227
0.890586
0.449115
0.42761
0.906406
0.66089
0.20064
0.238272
0.937569
0.00105882
0.624408
0.257322
0.465995
0.560333
0.707727
0.325511
0.935532
0.502598
0.255578
0.702974
0.88907
0.0863572
0.789494
