0.912789
0.406064
0.01923
0.491698
0.547048
0.928548
0.175438
0.391962
0.273251
0.226913
0.162344
0.8527
0.716253
0.849682
0.556882
0.900728
0.627765
0.513383
0.258231
0.539336
0.68442
0.643469
0.93987
0.506243
0.417331
0.272249
0.460525
0.162037
0.84021
0.023201
0.427083
0.229712
0.927436
0.807477
0.389403
0.67682
0.219718
0.059083
0.989727
0.550314
0.792319
0.971377
0.953339
0.832745
0.920081
0.836803
0.781855
0.920439
0.628315
0.600405
0.495333
0.324012
0.559402
0.115494
0.2738
0.720522
0.0632817
0.822306
0.509399
0.267259
0.0441683
0.0712051
0.546003
0.0470361
0.398429
0.0915381
0.646832
0.0835558
0.459253
0.559967
0.932956
0.0911895
0.950497
0.549833
0.438796
0.00136542
0.864567
0.413196
0.544634
0.764087
0.898009
0.773143
0.506545
0.187375
0.627689
0.426861
0.543802
0.46092
0.279164
0.641416
0.805456
0.809185
0.539771
0.595675
0.108537
0.64773
0.538179
0.852589
0.497651
0.394686
