0.658759
0.26623
0.347795
0.178381
0.566238
0.636443
0.430469
0.167856
0.75955
0.283608
0.895302
0.89259
0.295029
0.958953
0.0611146
0.284624
0.240596
0.478116
0.826153
0.983852
0.0883728
0.251036
0.140871
0.588929
0.219097
0.0838824
0.121478
0.925082
0.169309
0.161829
0.287182
0.900049
0.381255
0.480038
0.690353
0.976713
0.47811
0.493143
0.236031
0.120528
0.202711
0.177841
0.926069
0.842644
0.329857
0.623617
0.744472
0.338128
0.588542
0.414701
0.404422
0.97909
0.818014
0.690405
0.612637
0.760335
0.897269
0.579399
0.692168
0.877981
0.959031
0.391694
0.0576221
0.572177
0.290585
0.614836
0.726244
0.249205
0.405815
0.965551
0.33117
0.581514
0.420552
0.803044
0.471952
0.839892
0.608791
0.431257
0.71532
0.209809
0.0065073
0.232931
0.0166089
0.725827
0.80423
0.253143
0.559095
0.577921
0.445274
0.468132
0.976999
0.251363
0.977135
0.483386
0.698957
0.188948
0.273824
0.238798
0.17501
0.166441
