100
100
116
84
116
84
16.100000
15.900000
22.627859

100
100
116
84
116
84
15.100000
15.900000
21.927608

100
100
116
84
116
84
14.100000
15.900000
21.251352

100
100
116
84
116
84
13.100000
15.900000
20.601456

100
100
116
84
116
84
12.100000
15.900000
19.980490

100
100
116
84
116
84
11.100000
15.900000
19.391235

100
100
116
84
116
84
10.100000
15.900000
18.836666

100
100
116
84
116
84
9.100000
15.900000
18.319935

100
100
116
84
116
84
8.100000
15.900000
17.844326

100
100
116
84
116
84
7.100000
15.900000
17.413212

100
100
116
84
116
84
6.100000
15.900000
17.029974

100
100
116
84
116
84
5.100000
15.900000
16.697903

100
100
116
84
116
84
4.100000
15.900000
16.420109

100
100
116
84
116
84
3.100000
15.900000
16.199383

100
100
116
84
116
84
2.100000
15.900000
16.038078

100
100
116
84
116
84
1.100000
15.900000
15.938004

100
100
116
84
116
84
0.100000
15.900000
15.900313

100
100
116
84
116
84
-0.900000
15.900000
15.925450

100
100
116
84
116
84
-1.900000
15.900000
16.013119

100
100
116
84
116
84
-2.900000
15.900000
16.162300

100
100
116
84
116
84
-3.900000
15.900000
16.371317

100
100
116
84
116
84
-4.900000
15.900000
16.637907

100
100
116
84
116
84
-5.900000
15.900000
16.959364

100
100
116
84
116
84
-6.900000
15.900000
17.332628

100
100
116
84
116
84
-7.900000
15.900000
17.754435

100
100
116
84
116
84
-8.900000
15.900000
18.221415

100
100
116
84
116
84
-9.900000
15.900000
18.730188

100
100
116
84
116
84
-10.900000
15.900000
19.277447

100
100
116
84
116
84
-11.900000
15.900000
19.860010

100
100
116
84
116
84
-12.900000
15.900000
20.474861

100
100
116
84
116
84
-13.900000
15.900000
21.119184

100
100
116
84
116
84
-14.900000
15.900000
21.790365

100
100
116
84
116
84
-15.900000
15.900000
22.485994

100
100
116
84
116
84
16.100000
14.900000
21.936728

100
100
116
84
116
84
15.100000
14.900000
21.213675

100
100
116
84
116
84
14.100000
14.900000
20.513899

100
100
116
84
116
84
13.100000
14.900000
19.839859

100
100
116
84
116
84
12.100000
14.900000
19.194269

100
100
116
84
116
84
11.100000
14.900000
18.580097

100
100
116
84
116
84
10.100000
14.900000
18.000557

100
100
116
84
116
84
9.100000
14.900000
17.459095

100
100
116
84
116
84
8.100000
14.900000
16.959364

100
100
116
84
116
84
7.100000
14.900000
16.505150

100
100
116
84
116
84
6.100000
14.900000
16.100311

100
100
116
84
116
84
5.100000
14.900000
15.748651

100
100
116
84
116
84
4.100000
14.900000
15.453802

100
100
116
84
116
84
3.100000
14.900000
15.219067

100
100
116
84
116
84
2.100000
14.900000
15.047258

100
100
116
84
116
84
1.100000
14.900000
14.940549

100
100
116
84
116
84
0.100000
14.900000
14.900335

100
100
116
84
116
84
-0.900000
14.900000
14.927156

100
100
116
84
116
84
-1.900000
14.900000
15.020652

100
100
116
84
116
84
-2.900000
14.900000
15.179591

100
100
116
84
116
84
-3.900000
14.900000
15.401948

100
100
116
84
116
84
-4.900000
14.900000
15.685024

100
100
116
84
116
84
-5.900000
14.900000
16.025604

100
100
116
84
116
84
-6.900000
14.900000
16.420109

100
100
116
84
116
84
-7.900000
14.900000
16.864756

100
100
116
84
116
84
-8.900000
14.900000
17.355690

100
100
116
84
116
84
-9.900000
14.900000
17.889103

100
100
116
84
116
84
-10.900000
14.900000
18.461309

100
100
116
84
116
84
-11.900000
14.900000
19.068823

100
100
116
84
116
84
-12.900000
14.900000
19.708374

100
100
116
84
116
84
-13.900000
14.900000
20.376947

100
100
116
84
116
84
-14.900000
14.900000
21.071781

100
100
116
84
116
84
-15.900000
14.900000
21.790365

100
100
116
84
116
84
16.100000
13.900000
21.270166

100
100
116
84
116
84
15.100000
13.900000
20.523645

100
100
116
84
116
84
14.100000
13.900000
19.799496

100
100
116
84
116
84
13.100000
13.900000
19.100262

100
100
116
84
116
84
12.100000
13.900000
18.428782

100
100
116
84
116
84
11.100000
13.900000
17.788198

100
100
116
84
116
84
10.100000
13.900000
17.181967

100
100
116
84
116
84
9.100000
13.900000
16.613850

100
100
116
84
116
84
8.100000
13.900000
16.087883

100
100
116
84
116
84
7.100000
13.900000
15.608331

100
100
116
84
116
84
6.100000
13.900000
15.179591

100
100
116
84
116
84
5.100000
13.900000
14.806079

100
100
116
84
116
84
4.100000
13.900000
14.492066

100
100
116
84
116
84
3.100000
13.900000
14.241488

100
100
116
84
116
84
2.100000
13.900000
14.057738

100
100
116
84
116
84
1.100000
13.900000
13.943458

100
100
116
84
116
84
0.100000
13.900000
13.900359

100
100
116
84
116
84
-0.900000
13.900000
13.929106

100
100
116
84
116
84
-1.900000
13.900000
14.029255

100
100
116
84
116
84
-2.900000
13.900000
14.199296

100
100
116
84
116
84
-3.900000
13.900000
14.436759

100
100
116
84
116
84
-4.900000
13.900000
14.738385

100
100
116
84
116
84
-5.900000
13.900000
15.100330

100
100
116
84
116
84
-6.900000
13.900000
15.518376

100
100
116
84
116
84
-7.900000
13.900000
15.988120

100
100
116
84
116
84
-8.900000
13.900000
16.505150

100
100
116
84
116
84
-9.900000
13.900000
17.065168

100
100
116
84
116
84
-10.900000
13.900000
17.664087

100
100
116
84
116
84
-11.900000
13.900000
18.298086

100
100
116
84
116
84
-12.900000
13.900000
18.963650

100
100
116
84
116
84
-13.900000
13.900000
19.657568

100
100
116
84
116
84
-14.900000
13.900000
20.376947

100
100
116
84
116
84
-15.900000
13.900000
21.119184

100
100
116
84
116
84
16.100000
12.900000
20.630560

100
100
116
84
116
84
15.100000
12.900000
19.860010

100
100
116
84
116
84
14.100000
12.900000
19.110729

100
100
116
84
116
84
13.100000
12.900000
18.385321

100
100
116
84
116
84
12.100000
12.900000
17.686718

100
100
116
84
116
84
11.100000
12.900000
17.018225

100
100
116
84
116
84
10.100000
12.900000
16.383528

100
100
116
84
116
84
9.100000
12.900000
15.786703

100
100
116
84
116
84
8.100000
12.900000
15.232203

100
100
116
84
116
84
7.100000
12.900000
14.724809

100
100
116
84
116
84
6.100000
12.900000
14.269547

100
100
116
84
116
84
5.100000
12.900000
13.871553

100
100
116
84
116
84
4.100000
12.900000
13.535878

100
100
116
84
116
84
3.100000
12.900000
13.267253

100
100
116
84
116
84
2.100000
12.900000
13.069812

100
100
116
84
116
84
1.100000
12.900000
12.946815

100
100
116
84
116
84
0.100000
12.900000
12.900387

100
100
116
84
116
84
-0.900000
12.900000
12.931356

100
100
116
84
116
84
-1.900000
12.900000
13.039171

100
100
116
84
116
84
-2.900000
12.900000
13.221951

100
100
116
84
116
84
-3.900000
12.900000
13.476646

100
100
116
84
116
84
-4.900000
12.900000
13.799274

100
100
116
84
116
84
-5.900000
12.900000
14.185203

100
100
116
84
116
84
-6.900000
12.900000
14.629422

100
100
116
84
116
84
-7.900000
12.900000
15.126797

100
100
116
84
116
84
-8.900000
12.900000
15.672268

100
100
116
84
116
84
-9.900000
12.900000
16.260996

100
100
116
84
116
84
-10.900000
12.900000
16.888456

100
100
116
84
116
84
-11.900000
12.900000
17.550497

100
100
116
84
116
84
-12.900000
12.900000
18.243355

100
100
116
84
116
84
-13.900000
12.900000
18.963650

100
100
116
84
116
84
-14.900000
12.900000
19.708374

100
100
116
84
116
84
-15.900000
12.900000
20.474861

100
100
116
84
116
84
16.100000
11.900000
20.020489

100
100
116
84
116
84
15.100000
11.900000
19.225504

100
100
116
84
116
84
14.100000
11.900000
18.450474

100
100
116
84
116
84
13.100000
11.900000
17.698023

100
100
116
84
116
84
12.100000
11.900000
16.971151

100
100
116
84
116
84
11.100000
11.900000
16.273291

100
100
116
84
116
84
10.100000
11.900000
15.608331

100
100
116
84
116
84
9.100000
11.900000
14.980654

100
100
116
84
116
84
8.100000
11.900000
14.395138

100
100
116
84
116
84
7.100000
11.900000
13.857128

100
100
116
84
116
84
6.100000
11.900000
13.372358

100
100
116
84
116
84
5.100000
11.900000
12.946814

100
100
116
84
116
84
4.100000
11.900000
12.586500

100
100
116
84
116
84
3.100000
11.900000
12.297153

100
100
116
84
116
84
2.100000
11.900000
12.083873

100
100
116
84
116
84
1.100000
11.900000
11.950732

100
100
116
84
116
84
0.100000
11.900000
11.900419

100
100
116
84
116
84
-0.900000
11.900000
11.933985

100
100
116
84
116
84
-1.900000
11.900000
12.050726

100
100
116
84
116
84
-2.900000
11.900000
12.248264

100
100
116
84
116
84
-3.900000
11.900000
12.522779

100
100
116
84
116
84
-4.900000
11.900000
12.869343

100
100
116
84
116
84
-5.900000
11.900000
13.282318

100
100
116
84
116
84
-6.900000
11.900000
13.755726

100
100
116
84
116
84
-7.900000
11.900000
14.283557

100
100
116
84
116
84
-8.900000
11.900000
14.860013

100
100
116
84
116
84
-9.900000
11.900000
15.479664

100
100
116
84
116
84
-10.900000
11.900000
16.137533

100
100
116
84
116
84
-11.900000
11.900000
16.829140

100
100
116
84
116
84
-12.900000
11.900000
17.550497

100
100
116
84
116
84
-13.900000
11.900000
18.298086

100
100
116
84
116
84
-14.900000
11.900000
19.068823

100
100
116
84
116
84
-15.900000
11.900000
19.860010

100
100
116
84
116
84
16.100000
10.900000
19.442738

100
100
116
84
116
84
15.100000
10.900000
18.623104

100
100
116
84
116
84
14.100000
10.900000
17.821896

100
100
116
84
116
84
13.100000
10.900000
17.041714

100
100
116
84
116
84
12.100000
10.900000
16.285576

100
100
116
84
116
84
11.100000
10.900000
15.556992

100
100
116
84
116
84
10.100000
10.900000
14.860014

100
100
116
84
116
84
9.100000
10.900000
14.199296

100
100
116
84
116
84
8.100000
10.900000
13.580132

100
100
116
84
116
84
7.100000
10.900000
13.008458

100
100
116
84
116
84
6.100000
10.900000
12.490796

100
100
116
84
116
84
5.100000
10.900000
12.034118

100
100
116
84
116
84
4.100000
10.900000
11.645599

100
100
116
84
116
84
3.100000
10.900000
11.332254

100
100
116
84
116
84
2.100000
10.900000
11.100450

100
100
116
84
116
84
1.100000
10.900000
10.955363

100
100
116
84
116
84
0.100000
10.900000
10.900458

100
100
116
84
116
84
-0.900000
10.900000
10.937092

100
100
116
84
116
84
-1.900000
10.900000
11.064357

100
100
116
84
116
84
-2.900000
10.900000
11.279184

100
100
116
84
116
84
-3.900000
10.900000
11.576700

100
100
116
84
116
84
-4.900000
10.900000
11.950732

100
100
116
84
116
84
-5.900000
10.900000
12.394353

100
100
116
84
116
84
-6.900000
10.900000
12.900387

100
100
116
84
116
84
-7.900000
10.900000
13.461798

100
100
116
84
116
84
-8.900000
10.900000
14.071958

100
100
116
84
116
84
-9.900000
10.900000
14.724808

100
100
116
84
116
84
-10.900000
10.900000
15.414927

100
100
116
84
116
84
-11.900000
10.900000
16.137533

100
100
116
84
116
84
-12.900000
10.900000
16.888456

100
100
116
84
116
84
-13.900000
10.900000
17.664087

100
100
116
84
116
84
-14.900000
10.900000
18.461309

100
100
116
84
116
84
-15.900000
10.900000
19.277447

100
100
116
84
116
84
16.100000
9.900000
18.900265

100
100
116
84
116
84
15.100000
9.900000
18.056025

100
100
116
84
116
84
14.100000
9.900000
17.228464

100
100
116
84
116
84
13.100000
9.900000
16.420109

100
100
116
84
116
84
12.100000
9.900000
15.633938

100
100
116
84
116
84
11.100000
9.900000
14.873466

100
100
116
84
116
84
10.100000
9.900000
14.142843

100
100
116
84
116
84
9.100000
9.900000
13.446933

100
100
116
84
116
84
8.100000
9.900000
12.791403

100
100
116
84
116
84
7.100000
9.900000
12.182775

100
100
116
84
116
84
6.100000
9.900000
11.628413

100
100
116
84
116
84
5.100000
9.900000
11.136426

100
100
116
84
116
84
4.100000
9.900000
10.715409

100
100
116
84
116
84
3.100000
9.900000
10.374005

100
100
116
84
116
84
2.100000
9.900000
10.120276

100
100
116
84
116
84
1.100000
9.900000
9.960923

100
100
116
84
116
84
0.100000
9.900000
9.900505

100
100
116
84
116
84
-0.900000
9.900000
9.940825

100
100
116
84
116
84
-1.900000
9.900000
10.080674

100
100
116
84
116
84
-2.900000
9.900000
10.316007

100
100
116
84
116
84
-3.900000
9.900000
10.640489

100
100
116
84
116
84
-4.900000
9.900000
11.046267

100
100
116
84
116
84
-5.900000
9.900000
11.524755

100
100
116
84
116
84
-6.900000
9.900000
12.067311

100
100
116
84
116
84
-7.900000
9.900000
12.665702

100
100
116
84
116
84
-8.900000
9.900000
13.312400

100
100
116
84
116
84
-9.900000
9.900000
14.000714

100
100
116
84
116
84
-10.900000
9.900000
14.724808

100
100
116
84
116
84
-11.900000
9.900000
15.479664

100
100
116
84
116
84
-12.900000
9.900000
16.260996

100
100
116
84
116
84
-13.900000
9.900000
17.065168

100
100
116
84
116
84
-14.900000
9.900000
17.889103

100
100
116
84
116
84
-15.900000
9.900000
18.730188

100
100
116
84
116
84
16.100000
8.900000
18.396196

100
100
116
84
116
84
15.100000
8.900000
17.527693

100
100
116
84
116
84
14.100000
8.900000
16.673933

100
100
116
84
116
84
13.100000
8.900000
15.837298

100
100
116
84
116
84
12.100000
8.900000
15.020652

100
100
116
84
116
84
11.100000
8.900000
14.227438

100
100
116
84
116
84
10.100000
8.900000
13.461798

100
100
116
84
116
84
9.100000
8.900000
12.728707

100
100
116
84
116
84
8.100000
8.900000
12.034119

100
100
116
84
116
84
7.100000
8.900000
11.385077

100
100
116
84
116
84
6.100000
8.900000
10.789809

100
100
116
84
116
84
5.100000
8.900000
10.257679

100
100
116
84
116
84
4.100000
8.900000
9.798979

100
100
116
84
116
84
3.100000
8.900000
9.424436

100
100
116
84
116
84
2.100000
8.900000
9.144397

100
100
116
84
116
84
1.100000
8.900000
8.967719

100
100
116
84
116
84
0.100000
8.900000
8.900561

100
100
116
84
116
84
-0.900000
8.900000
8.945389

100
100
116
84
116
84
-1.900000
8.900000
9.100549

100
100
116
84
116
84
-2.900000
8.900000
9.360556

100
100
116
84
116
84
-3.900000
8.900000
9.716995

100
100
116
84
116
84
-4.900000
8.900000
10.159724

100
100
116
84
116
84
-5.900000
8.900000
10.678015

100
100
116
84
116
84
-6.900000
8.900000
11.261438

100
100
116
84
116
84
-7.900000
8.900000
11.900420

100
100
116
84
116
84
-8.900000
8.900000
12.586500

100
100
116
84
116
84
-9.900000
8.900000
13.312400

100
100
116
84
116
84
-10.900000
8.900000
14.071958

100
100
116
84
116
84
-11.900000
8.900000
14.860013

100
100
116
84
116
84
-12.900000
8.900000
15.672268

100
100
116
84
116
84
-13.900000
8.900000
16.505150

100
100
116
84
116
84
-14.900000
8.900000
17.355690

100
100
116
84
116
84
-15.900000
8.900000
18.221415

100
100
116
84
116
84
16.100000
7.900000
17.933767

100
100
116
84
116
84
15.100000
7.900000
17.041714

100
100
116
84
116
84
14.100000
7.900000
16.162302

100
100
116
84
116
84
13.100000
7.900000
15.297713

100
100
116
84
116
84
12.100000
7.900000
14.450605

100
100
116
84
116
84
11.100000
7.900000
13.624244

100
100
116
84
116
84
10.100000
7.900000
12.822637

100
100
116
84
116
84
9.100000
7.900000
12.050726

100
100
116
84
116
84
8.100000
7.900000
11.314592

100
100
116
84
116
84
7.100000
7.900000
10.621675

100
100
116
84
116
84
6.100000
7.900000
9.980982

100
100
116
84
116
84
5.100000
7.900000
9.403191

100
100
116
84
116
84
4.100000
7.900000
8.900562

100
100
116
84
116
84
3.100000
7.900000
8.486460

100
100
116
84
116
84
2.100000
7.900000
8.174350

100
100
116
84
116
84
1.100000
7.900000
7.976214

100
100
116
84
116
84
0.100000
7.900000
7.900633

100
100
116
84
116
84
-0.900000
7.900000
7.951101

100
100
116
84
116
84
-1.900000
7.900000
8.125269

100
100
116
84
116
84
-2.900000
7.900000
8.415462

100
100
116
84
116
84
-3.900000
7.900000
8.810222

100
100
116
84
116
84
-4.900000
7.900000
9.296236

100
100
116
84
116
84
-5.900000
7.900000
9.860021

100
100
116
84
116
84
-6.900000
7.900000
10.489042

100
100
116
84
116
84
-7.900000
7.900000
11.172287

100
100
116
84
116
84
-8.900000
7.900000
11.900420

100
100
116
84
116
84
-9.900000
7.900000
12.665702

100
100
116
84
116
84
-10.900000
7.900000
13.461798

100
100
116
84
116
84
-11.900000
7.900000
14.283557

100
100
116
84
116
84
-12.900000
7.900000
15.126797

100
100
116
84
116
84
-13.900000
7.900000
15.988120

100
100
116
84
116
84
-14.900000
7.900000
16.864756

100
100
116
84
116
84
-15.900000
7.900000
17.754435

100
100
116
84
116
84
16.100000
6.900000
17.516279

100
100
116
84
116
84
15.100000
6.900000
16.601807

100
100
116
84
116
84
14.100000
6.900000
15.697771

100
100
116
84
116
84
13.100000
6.900000
14.806081

100
100
116
84
116
84
12.100000
6.900000
13.929107

100
100
116
84
116
84
11.100000
6.900000
13.069813

100
100
116
84
116
84
10.100000
6.900000
12.231926

100
100
116
84
116
84
9.100000
6.900000
11.420158

100
100
116
84
116
84
8.100000
6.900000
10.640490

100
100
116
84
116
84
7.100000
6.900000
9.900505

100
100
116
84
116
84
6.100000
6.900000
9.209778

100
100
116
84
116
84
5.100000
6.900000
8.580210

100
100
116
84
116
84
4.100000
6.900000
8.026207

100
100
116
84
116
84
3.100000
6.900000
7.564390

100
100
116
84
116
84
2.100000
6.900000
7.212489

100
100
116
84
116
84
1.100000
6.900000
6.987131

100
100
116
84
116
84
0.100000
6.900000
6.900724

100
100
116
84
116
84
-0.900000
6.900000
6.958448

100
100
116
84
116
84
-1.900000
6.900000
7.156815

100
100
116
84
116
84
-2.900000
6.900000
7.484651

100
100
116
84
116
84
-3.900000
6.900000
7.925907

100
100
116
84
116
84
-4.900000
6.900000
8.462860

100
100
116
84
116
84
-5.900000
6.900000
9.078546

100
100
116
84
116
84
-6.900000
6.900000
9.758074

100
100
116
84
116
84
-7.900000
6.900000
10.489042

100
100
116
84
116
84
-8.900000
6.900000
11.261438

100
100
116
84
116
84
-9.900000
6.900000
12.067311

100
100
116
84
116
84
-10.900000
6.900000
12.900387

100
100
116
84
116
84
-11.900000
6.900000
13.755726

100
100
116
84
116
84
-12.900000
6.900000
14.629422

100
100
116
84
116
84
-13.900000
6.900000
15.518376

100
100
116
84
116
84
-14.900000
6.900000
16.420109

100
100
116
84
116
84
-15.900000
6.900000
17.332628

100
100
116
84
116
84
16.100000
5.900000
17.147013

100
100
116
84
116
84
15.100000
5.900000
16.211725

100
100
116
84
116
84
14.100000
5.900000
15.284633

100
100
116
84
116
84
13.100000
5.900000
14.367325

100
100
116
84
116
84
12.100000
5.900000
13.461798

100
100
116
84
116
84
11.100000
5.900000
12.570601

100
100
116
84
116
84
10.100000
5.900000
11.697008

100
100
116
84
116
84
9.100000
5.900000
10.845276

100
100
116
84
116
84
8.100000
5.900000
10.020979

100
100
116
84
116
84
7.100000
5.900000
9.231468

100
100
116
84
116
84
6.100000
5.900000
8.486460

100
100
116
84
116
84
5.100000
5.900000
7.798718

100
100
116
84
116
84
4.100000
5.900000
7.184706

100
100
116
84
116
84
3.100000
5.900000
6.664833

100
100
116
84
116
84
2.100000
5.900000
6.262588

100
100
116
84
116
84
1.100000
5.900000
6.001667

100
100
116
84
116
84
0.100000
5.900000
5.900847

100
100
116
84
116
84
-0.900000
5.900000
5.968249

100
100
116
84
116
84
-1.900000
5.900000
6.198387

100
100
116
84
116
84
-2.900000
5.900000
6.574192

100
100
116
84
116
84
-3.900000
5.900000
7.072482

100
100
116
84
116
84
-4.900000
5.900000
7.669420

100
100
116
84
116
84
-5.900000
5.900000
8.343861

100
100
116
84
116
84
-6.900000
5.900000
9.078546

100
100
116
84
116
84
-7.900000
5.900000
9.860021

100
100
116
84
116
84
-8.900000
5.900000
10.678015

100
100
116
84
116
84
-9.900000
5.900000
11.524755

100
100
116
84
116
84
-10.900000
5.900000
12.394353

100
100
116
84
116
84
-11.900000
5.900000
13.282318

100
100
116
84
116
84
-12.900000
5.900000
14.185203

100
100
116
84
116
84
-13.900000
5.900000
15.100330

100
100
116
84
116
84
-14.900000
5.900000
16.025604

100
100
116
84
116
84
-15.900000
5.900000
16.959364

100
100
116
84
116
84
16.100000
4.900000
16.829142

100
100
116
84
116
84
15.100000
4.900000
15.875138

100
100
116
84
116
84
14.100000
4.900000
14.927156

100
100
116
84
116
84
13.100000
4.900000
13.986423

100
100
116
84
116
84
12.100000
4.900000
13.054502

100
100
116
84
116
84
11.100000
4.900000
12.133425

100
100
116
84
116
84
10.100000
4.900000
11.225863

100
100
116
84
116
84
9.100000
4.900000
10.335377

100
100
116
84
116
84
8.100000
4.900000
9.466784

100
100
116
84
116
84
7.100000
4.900000
8.626702

100
100
116
84
116
84
6.100000
4.900000
7.824321

100
100
116
84
116
84
5.100000
4.900000
7.072482

100
100
116
84
116
84
4.100000
4.900000
6.389053

100
100
116
84
116
84
3.100000
4.900000
5.798275

100
100
116
84
116
84
2.100000
4.900000
5.331041

100
100
116
84
116
84
1.100000
4.900000
5.021952

100
100
116
84
116
84
0.100000
4.900000
4.901021

100
100
116
84
116
84
-0.900000
4.900000
4.981967

100
100
116
84
116
84
-1.900000
4.900000
5.255474

100
100
116
84
116
84
-2.900000
4.900000
5.693857

100
100
116
84
116
84
-3.900000
4.900000
6.262588

100
100
116
84
116
84
-4.900000
4.900000
6.929646

100
100
116
84
116
84
-5.900000
4.900000
7.669420

100
100
116
84
116
84
-6.900000
4.900000
8.462860

100
100
116
84
116
84
-7.900000
4.900000
9.296236

100
100
116
84
116
84
-8.900000
4.900000
10.159724

100
100
116
84
116
84
-9.900000
4.900000
11.046267

100
100
116
84
116
84
-10.900000
4.900000
11.950732

100
100
116
84
116
84
-11.900000
4.900000
12.869343

100
100
116
84
116
84
-12.900000
4.900000
13.799274

100
100
116
84
116
84
-13.900000
4.900000
14.738385

100
100
116
84
116
84
-14.900000
4.900000
15.685024

100
100
116
84
116
84
-15.900000
4.900000
16.637907

100
100
116
84
116
84
16.100000
3.900000
16.565628

100
100
116
84
116
84
15.100000
3.900000
15.595512

100
100
116
84
116
84
14.100000
3.900000
14.629423

100
100
116
84
116
84
13.100000
3.900000
13.668212

100
100
116
84
116
84
12.100000
3.900000
12.712986

100
100
116
84
116
84
11.100000
3.900000
11.765203

100
100
116
84
116
84
10.100000
3.900000
10.826819

100
100
116
84
116
84
9.100000
3.900000
9.900505

100
100
116
84
116
84
8.100000
3.900000
8.989995

100
100
116
84
116
84
7.100000
3.900000
8.100617

100
100
116
84
116
84
6.100000
3.900000
7.240166

100
100
116
84
116
84
5.100000
3.900000
6.420280

100
100
116
84
116
84
4.100000
3.900000
5.658622

100
100
116
84
116
84
3.100000
3.900000
4.981967

100
100
116
84
116
84
2.100000
3.900000
4.429447

100
100
116
84
116
84
1.100000
3.900000
4.052160

100
100
116
84
116
84
0.100000
3.900000
3.901282

100
100
116
84
116
84
-0.900000
3.900000
4.002499

100
100
116
84
116
84
-1.900000
3.900000
4.338202

100
100
116
84
116
84
-2.900000
3.900000
4.860042

100
100
116
84
116
84
-3.900000
3.900000
5.515433

100
100
116
84
116
84
-4.900000
3.900000
6.262588

100
100
116
84
116
84
-5.900000
3.900000
7.072482

100
100
116
84
116
84
-6.900000
3.900000
7.925907

100
100
116
84
116
84
-7.900000
3.900000
8.810222

100
100
116
84
116
84
-8.900000
3.900000
9.716995

100
100
116
84
116
84
-9.900000
3.900000
10.640489

100
100
116
84
116
84
-10.900000
3.900000
11.576700

100
100
116
84
116
84
-11.900000
3.900000
12.522779

100
100
116
84
116
84
-12.900000
3.900000
13.476646

100
100
116
84
116
84
-13.900000
3.900000
14.436759

100
100
116
84
116
84
-14.900000
3.900000
15.401948

100
100
116
84
116
84
-15.900000
3.900000
16.371317

100
100
116
84
116
84
16.100000
2.900000
16.359097

100
100
116
84
116
84
15.100000
2.900000
15.375956

100
100
116
84
116
84
14.100000
2.900000
14.395139

100
100
116
84
116
84
13.100000
2.900000
13.417154

100
100
116
84
116
84
12.100000
2.900000
12.442669

100
100
116
84
116
84
11.100000
2.900000
11.472576

100
100
116
84
116
84
10.100000
2.900000
10.508093

100
100
116
84
116
84
9.100000
2.900000
9.550917

100
100
116
84
116
84
8.100000
2.900000
8.603488

100
100
116
84
116
84
7.100000
2.900000
7.669420

100
100
116
84
116
84
6.100000
2.900000
6.754258

100
100
116
84
116
84
5.100000
2.900000
5.866856

100
100
116
84
116
84
4.100000
2.900000
5.021952

100
100
116
84
116
84
3.100000
2.900000
4.244997

100
100
116
84
116
84
2.100000
2.900000
3.580503

100
100
116
84
116
84
1.100000
2.900000
3.101613

100
100
116
84
116
84
0.100000
2.900000
2.901724

100
100
116
84
116
84
-0.900000
2.900000
3.036445

100
100
116
84
116
84
-1.900000
2.900000
3.466987

100
100
116
84
116
84
-2.900000
2.900000
4.101220

100
100
116
84
116
84
-3.900000
2.900000
4.860042

100
100
116
84
116
84
-4.900000
2.900000
5.693857

100
100
116
84
116
84
-5.900000
2.900000
6.574192

100
100
116
84
116
84
-6.900000
2.900000
7.484651

100
100
116
84
116
84
-7.900000
2.900000
8.415462

100
100
116
84
116
84
-8.900000
2.900000
9.360556

100
100
116
84
116
84
-9.900000
2.900000
10.316007

100
100
116
84
116
84
-10.900000
2.900000
11.279184

100
100
116
84
116
84
-11.900000
2.900000
12.248264

100
100
116
84
116
84
-12.900000
2.900000
13.221951

100
100
116
84
116
84
-13.900000
2.900000
14.199296

100
100
116
84
116
84
-14.900000
2.900000
15.179591

100
100
116
84
116
84
-15.900000
2.900000
16.162300

100
100
116
84
116
84
16.100000
1.900000
16.211725

100
100
116
84
116
84
15.100000
1.900000
15.219068

100
100
116
84
116
84
14.100000
1.900000
14.227439

100
100
116
84
116
84
13.100000
1.900000
13.237070

100
100
116
84
116
84
12.100000
1.900000
12.248265

100
100
116
84
116
84
11.100000
1.900000
11.261439

100
100
116
84
116
84
10.100000
1.900000
10.277160

100
100
116
84
116
84
9.100000
1.900000
9.296236

100
100
116
84
116
84
8.100000
1.900000
8.319857

100
100
116
84
116
84
7.100000
1.900000
7.349830

100
100
116
84
116
84
6.100000
1.900000
6.389053

100
100
116
84
116
84
5.100000
1.900000
5.442426

100
100
116
84
116
84
4.100000
1.900000
4.518849

100
100
116
84
116
84
3.100000
1.900000
3.635932

100
100
116
84
116
84
2.100000
1.900000
2.831960

100
100
116
84
116
84
1.100000
1.900000
2.195450

100
100
116
84
116
84
0.100000
1.900000
1.902630

100
100
116
84
116
84
-0.900000
1.900000
2.102380

100
100
116
84
116
84
-1.900000
1.900000
2.687006

100
100
116
84
116
84
-2.900000
1.900000
3.466987

100
100
116
84
116
84
-3.900000
1.900000
4.338202

100
100
116
84
116
84
-4.900000
1.900000
5.255474

100
100
116
84
116
84
-5.900000
1.900000
6.198387

100
100
116
84
116
84
-6.900000
1.900000
7.156815

100
100
116
84
116
84
-7.900000
1.900000
8.125269

100
100
116
84
116
84
-8.900000
1.900000
9.100549

100
100
116
84
116
84
-9.900000
1.900000
10.080674

100
100
116
84
116
84
-10.900000
1.900000
11.064357

100
100
116
84
116
84
-11.900000
1.900000
12.050726

100
100
116
84
116
84
-12.900000
1.900000
13.039171

100
100
116
84
116
84
-13.900000
1.900000
14.029255

100
100
116
84
116
84
-14.900000
1.900000
15.020652

100
100
116
84
116
84
-15.900000
1.900000
16.013119

100
100
116
84
116
84
16.100000
0.900000
16.125135

100
100
116
84
116
84
15.100000
0.900000
15.126798

100
100
116
84
116
84
14.100000
0.900000
14.128695

100
100
116
84
116
84
13.100000
0.900000
13.130880

100
100
116
84
116
84
12.100000
0.900000
12.133425

100
100
116
84
116
84
11.100000
0.900000
11.136427

100
100
116
84
116
84
10.100000
0.900000
10.140020

100
100
116
84
116
84
9.100000
0.900000
9.144398

100
100
116
84
116
84
8.100000
0.900000
8.149847

100
100
116
84
116
84
7.100000
0.900000
7.156815

100
100
116
84
116
84
6.100000
0.900000
6.166036

100
100
116
84
116
84
5.100000
0.900000
5.178803

100
100
116
84
116
84
4.100000
0.900000
4.197618

100
100
116
84
116
84
3.100000
0.900000
3.228003

100
100
116
84
116
84
2.100000
0.900000
2.284732

100
100
116
84
116
84
1.100000
0.900000
1.421267

100
100
116
84
116
84
0.100000
0.900000
0.905538

100
100
116
84
116
84
-0.900000
0.900000
1.272792

100
100
116
84
116
84
-1.900000
0.900000
2.102380

100
100
116
84
116
84
-2.900000
0.900000
3.036445

100
100
116
84
116
84
-3.900000
0.900000
4.002499

100
100
116
84
116
84
-4.900000
0.900000
4.981967

100
100
116
84
116
84
-5.900000
0.900000
5.968249

100
100
116
84
116
84
-6.900000
0.900000
6.958448

100
100
116
84
116
84
-7.900000
0.900000
7.951101

100
100
116
84
116
84
-8.900000
0.900000
8.945389

100
100
116
84
116
84
-9.900000
0.900000
9.940825

100
100
116
84
116
84
-10.900000
0.900000
10.937092

100
100
116
84
116
84
-11.900000
0.900000
11.933985

100
100
116
84
116
84
-12.900000
0.900000
12.931356

100
100
116
84
116
84
-13.900000
0.900000
13.929106

100
100
116
84
116
84
-14.900000
0.900000
14.927156

100
100
116
84
116
84
-15.900000
0.900000
15.925450

100
100
116
84
116
84
16.100000
-0.100000
16.100311

100
100
116
84
116
84
15.100000
-0.100000
15.100331

100
100
116
84
116
84
14.100000
-0.100000
14.100355

100
100
116
84
116
84
13.100000
-0.100000
13.100382

100
100
116
84
116
84
12.100000
-0.100000
12.100413

100
100
116
84
116
84
11.100000
-0.100000
11.100451

100
100
116
84
116
84
10.100000
-0.100000
10.100495

100
100
116
84
116
84
9.100000
-0.100000
9.100550

100
100
116
84
116
84
8.100000
-0.100000
8.100618

100
100
116
84
116
84
7.100000
-0.100000
7.100704

100
100
116
84
116
84
6.100000
-0.100000
6.100820

100
100
116
84
116
84
5.100000
-0.100000
5.100980

100
100
116
84
116
84
4.100000
-0.100000
4.101219

100
100
116
84
116
84
3.100000
-0.100000
3.101613

100
100
116
84
116
84
2.100000
-0.100000
2.102380

100
100
116
84
116
84
1.100000
-0.100000
1.104536

100
100
116
84
116
84
0.100000
-0.100000
0.141421

100
100
116
84
116
84
-0.900000
-0.100000
0.905538

100
100
116
84
116
84
-1.900000
-0.100000
1.902630

100
100
116
84
116
84
-2.900000
-0.100000
2.901724

100
100
116
84
116
84
-3.900000
-0.100000
3.901282

100
100
116
84
116
84
-4.900000
-0.100000
4.901021

100
100
116
84
116
84
-5.900000
-0.100000
5.900847

100
100
116
84
116
84
-6.900000
-0.100000
6.900724

100
100
116
84
116
84
-7.900000
-0.100000
7.900633

100
100
116
84
116
84
-8.900000
-0.100000
8.900561

100
100
116
84
116
84
-9.900000
-0.100000
9.900505

100
100
116
84
116
84
-10.900000
-0.100000
10.900458

100
100
116
84
116
84
-11.900000
-0.100000
11.900419

100
100
116
84
116
84
-12.900000
-0.100000
12.900387

100
100
116
84
116
84
-13.900000
-0.100000
13.900359

100
100
116
84
116
84
-14.900000
-0.100000
14.900335

100
100
116
84
116
84
-15.900000
-0.100000
15.900313

100
100
116
84
116
84
16.100000
-1.100000
16.137535

100
100
116
84
116
84
15.100000
-1.100000
15.140014

100
100
116
84
116
84
14.100000
-1.100000
14.142843

100
100
116
84
116
84
13.100000
-1.100000
13.146103

100
100
116
84
116
84
12.100000
-1.100000
12.149898

100
100
116
84
116
84
11.100000
-1.100000
11.154371

100
100
116
84
116
84
10.100000
-1.100000
10.159725

100
100
116
84
116
84
9.100000
-1.100000
9.166243

100
100
116
84
116
84
8.100000
-1.100000
8.174351

100
100
116
84
116
84
7.100000
-1.100000
7.184706

100
100
116
84
116
84
6.100000
-1.100000
6.198387

100
100
116
84
116
84
5.100000
-1.100000
5.217279

100
100
116
84
116
84
4.100000
-1.100000
4.244997

100
100
116
84
116
84
3.100000
-1.100000
3.289377

100
100
116
84
116
84
2.100000
-1.100000
2.370654

100
100
116
84
116
84
1.100000
-1.100000
1.555635

100
100
116
84
116
84
0.100000
-1.100000
1.104536

100
100
116
84
116
84
-0.900000
-1.100000
1.421267

100
100
116
84
116
84
-1.900000
-1.100000
2.195450

100
100
116
84
116
84
-2.900000
-1.100000
3.101613

100
100
116
84
116
84
-3.900000
-1.100000
4.052160

100
100
116
84
116
84
-4.900000
-1.100000
5.021952

100
100
116
84
116
84
-5.900000
-1.100000
6.001667

100
100
116
84
116
84
-6.900000
-1.100000
6.987131

100
100
116
84
116
84
-7.900000
-1.100000
7.976214

100
100
116
84
116
84
-8.900000
-1.100000
8.967719

100
100
116
84
116
84
-9.900000
-1.100000
9.960923

100
100
116
84
116
84
-10.900000
-1.100000
10.955363

100
100
116
84
116
84
-11.900000
-1.100000
11.950732

100
100
116
84
116
84
-12.900000
-1.100000
12.946815

100
100
116
84
116
84
-13.900000
-1.100000
13.943458

100
100
116
84
116
84
-14.900000
-1.100000
14.940549

100
100
116
84
116
84
-15.900000
-1.100000
15.938004

100
100
116
84
116
84
16.100000
-2.100000
16.236380

100
100
116
84
116
84
15.100000
-2.100000
15.245328

100
100
116
84
116
84
14.100000
-2.100000
14.255526

100
100
116
84
116
84
13.100000
-2.100000
13.267254

100
100
116
84
116
84
12.100000
-2.100000
12.280880

100
100
116
84
116
84
11.100000
-2.100000
11.296903

100
100
116
84
116
84
10.100000
-2.100000
10.316008

100
100
116
84
116
84
9.100000
-2.100000
9.339165

100
100
116
84
116
84
8.100000
-2.100000
8.367796

100
100
116
84
116
84
7.100000
-2.100000
7.404053

100
100
116
84
116
84
6.100000
-2.100000
6.451356

100
100
116
84
116
84
5.100000
-2.100000
5.515433

100
100
116
84
116
84
4.100000
-2.100000
4.606517

100
100
116
84
116
84
3.100000
-2.100000
3.744329

100
100
116
84
116
84
2.100000
-2.100000
2.969848

100
100
116
84
116
84
1.100000
-2.100000
2.370654

100
100
116
84
116
84
0.100000
-2.100000
2.102380

100
100
116
84
116
84
-0.900000
-2.100000
2.284732

100
100
116
84
116
84
-1.900000
-2.100000
2.831960

100
100
116
84
116
84
-2.900000
-2.100000
3.580503

100
100
116
84
116
84
-3.900000
-2.100000
4.429447

100
100
116
84
116
84
-4.900000
-2.100000
5.331041

100
100
116
84
116
84
-5.900000
-2.100000
6.262588

100
100
116
84
116
84
-6.900000
-2.100000
7.212489

100
100
116
84
116
84
-7.900000
-2.100000
8.174350

100
100
116
84
116
84
-8.900000
-2.100000
9.144397

100
100
116
84
116
84
-9.900000
-2.100000
10.120276

100
100
116
84
116
84
-10.900000
-2.100000
11.100450

100
100
116
84
116
84
-11.900000
-2.100000
12.083873

100
100
116
84
116
84
-12.900000
-2.100000
13.069812

100
100
116
84
116
84
-13.900000
-2.100000
14.057738

100
100
116
84
116
84
-14.900000
-2.100000
15.047258

100
100
116
84
116
84
-15.900000
-2.100000
16.038078

100
100
116
84
116
84
16.100000
-3.100000
16.395731

100
100
116
84
116
84
15.100000
-3.100000
15.414928

100
100
116
84
116
84
14.100000
-3.100000
14.436759

100
100
116
84
116
84
13.100000
-3.100000
13.461799

100
100
116
84
116
84
12.100000
-3.100000
12.490797

100
100
116
84
116
84
11.100000
-3.100000
11.524756

100
100
116
84
116
84
10.100000
-3.100000
10.565037

100
100
116
84
116
84
9.100000
-3.100000
9.613532

100
100
116
84
116
84
8.100000
-3.100000
8.672947

100
100
116
84
116
84
7.100000
-3.100000
7.747258

100
100
116
84
116
84
6.100000
-3.100000
6.842514

100
100
116
84
116
84
5.100000
-3.100000
5.968249

100
100
116
84
116
84
4.100000
-3.100000
5.140039

100
100
116
84
116
84
3.100000
-3.100000
4.384062

100
100
116
84
116
84
2.100000
-3.100000
3.744329

100
100
116
84
116
84
1.100000
-3.100000
3.289377

100
100
116
84
116
84
0.100000
-3.100000
3.101613

100
100
116
84
116
84
-0.900000
-3.100000
3.228003

100
100
116
84
116
84
-1.900000
-3.100000
3.635932

100
100
116
84
116
84
-2.900000
-3.100000
4.244997

100
100
116
84
116
84
-3.900000
-3.100000
4.981967

100
100
116
84
116
84
-4.900000
-3.100000
5.798275

100
100
116
84
116
84
-5.900000
-3.100000
6.664833

100
100
116
84
116
84
-6.900000
-3.100000
7.564390

100
100
116
84
116
84
-7.900000
-3.100000
8.486460

100
100
116
84
116
84
-8.900000
-3.100000
9.424436

100
100
116
84
116
84
-9.900000
-3.100000
10.374005

100
100
116
84
116
84
-10.900000
-3.100000
11.332254

100
100
116
84
116
84
-11.900000
-3.100000
12.297153

100
100
116
84
116
84
-12.900000
-3.100000
13.267253

100
100
116
84
116
84
-13.900000
-3.100000
14.241488

100
100
116
84
116
84
-14.900000
-3.100000
15.219067

100
100
116
84
116
84
-15.900000
-3.100000
16.199383

100
100
116
84
116
84
16.100000
-4.100000
16.613850

100
100
116
84
116
84
15.100000
-4.100000
15.646725

100
100
116
84
116
84
14.100000
-4.100000
14.684005

100
100
116
84
116
84
13.100000
-4.100000
13.726617

100
100
116
84
116
84
12.100000
-4.100000
12.775759

100
100
116
84
116
84
11.100000
-4.100000
11.833005

100
100
116
84
116
84
10.100000
-4.100000
10.900459

100
100
116
84
116
84
9.100000
-4.100000
9.980982

100
100
116
84
116
84
8.100000
-4.100000
9.078547

100
100
116
84
116
84
7.100000
-4.100000
8.198780

100
100
116
84
116
84
6.100000
-4.100000
7.349830

100
100
116
84
116
84
5.100000
-4.100000
6.543699

100
100
116
84
116
84
4.100000
-4.100000
5.798275

100
100
116
84
116
84
3.100000
-4.100000
5.140039

100
100
116
84
116
84
2.100000
-4.100000
4.606517

100
100
116
84
116
84
1.100000
-4.100000
4.244997

100
100
116
84
116
84
0.100000
-4.100000
4.101219

100
100
116
84
116
84
-0.900000
-4.100000
4.197618

100
100
116
84
116
84
-1.900000
-4.100000
4.518849

100
100
116
84
116
84
-2.900000
-4.100000
5.021952

100
100
116
84
116
84
-3.900000
-4.100000
5.658622

100
100
116
84
116
84
-4.900000
-4.100000
6.389053

100
100
116
84
116
84
-5.900000
-4.100000
7.184706

100
100
116
84
116
84
-6.900000
-4.100000
8.026207

100
100
116
84
116
84
-7.900000
-4.100000
8.900562

100
100
116
84
116
84
-8.900000
-4.100000
9.798979

100
100
116
84
116
84
-9.900000
-4.100000
10.715409

100
100
116
84
116
84
-10.900000
-4.100000
11.645599

100
100
116
84
116
84
-11.900000
-4.100000
12.586500

100
100
116
84
116
84
-12.900000
-4.100000
13.535878

100
100
116
84
116
84
-13.900000
-4.100000
14.492066

100
100
116
84
116
84
-14.900000
-4.100000
15.453802

100
100
116
84
116
84
-15.900000
-4.100000
16.420109

100
100
116
84
116
84
16.100000
-5.100000
16.888458

100
100
116
84
116
84
15.100000
-5.100000
15.938005

100
100
116
84
116
84
14.100000
-5.100000
14.993999

100
100
116
84
116
84
13.100000
-5.100000
14.057738

100
100
116
84
116
84
12.100000
-5.100000
13.130879

100
100
116
84
116
84
11.100000
-5.100000
12.215564

100
100
116
84
116
84
10.100000
-5.100000
11.314592

100
100
116
84
116
84
9.100000
-5.100000
10.431683

100
100
116
84
116
84
8.100000
-5.100000
9.571835

100
100
116
84
116
84
7.100000
-5.100000
8.741854

100
100
116
84
116
84
6.100000
-5.100000
7.951100

100
100
116
84
116
84
5.100000
-5.100000
7.212489

100
100
116
84
116
84
4.100000
-5.100000
6.543699

100
100
116
84
116
84
3.100000
-5.100000
5.968249

100
100
116
84
116
84
2.100000
-5.100000
5.515433

100
100
116
84
116
84
1.100000
-5.100000
5.217279

100
100
116
84
116
84
0.100000
-5.100000
5.100980

100
100
116
84
116
84
-0.900000
-5.100000
5.178803

100
100
116
84
116
84
-1.900000
-5.100000
5.442426

100
100
116
84
116
84
-2.900000
-5.100000
5.866856

100
100
116
84
116
84
-3.900000
-5.100000
6.420280

100
100
116
84
116
84
-4.900000
-5.100000
7.072482

100
100
116
84
116
84
-5.900000
-5.100000
7.798718

100
100
116
84
116
84
-6.900000
-5.100000
8.580210

100
100
116
84
116
84
-7.900000
-5.100000
9.403191

100
100
116
84
116
84
-8.900000
-5.100000
10.257679

100
100
116
84
116
84
-9.900000
-5.100000
11.136426

100
100
116
84
116
84
-10.900000
-5.100000
12.034118

100
100
116
84
116
84
-11.900000
-5.100000
12.946814

100
100
116
84
116
84
-12.900000
-5.100000
13.871553

100
100
116
84
116
84
-13.900000
-5.100000
14.806079

100
100
116
84
116
84
-14.900000
-5.100000
15.748651

100
100
116
84
116
84
-15.900000
-5.100000
16.697903

100
100
116
84
116
84
16.100000
-6.100000
17.216852

100
100
116
84
116
84
15.100000
-6.100000
16.285576

100
100
116
84
116
84
14.100000
-6.100000
15.362943

100
100
116
84
116
84
13.100000
-6.100000
14.450605

100
100
116
84
116
84
12.100000
-6.100000
13.550646

100
100
116
84
116
84
11.100000
-6.100000
12.665702

100
100
116
84
116
84
10.100000
-6.100000
11.799152

100
100
116
84
116
84
9.100000
-6.100000
10.955364

100
100
116
84
116
84
8.100000
-6.100000
10.140020

100
100
116
84
116
84
7.100000
-6.100000
9.360556

100
100
116
84
116
84
6.100000
-6.100000
8.626702

100
100
116
84
116
84
5.100000
-6.100000
7.951100

100
100
116
84
116
84
4.100000
-6.100000
7.349830

100
100
116
84
116
84
3.100000
-6.100000
6.842514

100
100
116
84
116
84
2.100000
-6.100000
6.451356

100
100
116
84
116
84
1.100000
-6.100000
6.198387

100
100
116
84
116
84
0.100000
-6.100000
6.100820

100
100
116
84
116
84
-0.900000
-6.100000
6.166036

100
100
116
84
116
84
-1.900000
-6.100000
6.389053

100
100
116
84
116
84
-2.900000
-6.100000
6.754258

100
100
116
84
116
84
-3.900000
-6.100000
7.240166

100
100
116
84
116
84
-4.900000
-6.100000
7.824321

100
100
116
84
116
84
-5.900000
-6.100000
8.486460

100
100
116
84
116
84
-6.900000
-6.100000
9.209778

100
100
116
84
116
84
-7.900000
-6.100000
9.980982

100
100
116
84
116
84
-8.900000
-6.100000
10.789809

100
100
116
84
116
84
-9.900000
-6.100000
11.628413

100
100
116
84
116
84
-10.900000
-6.100000
12.490796

100
100
116
84
116
84
-11.900000
-6.100000
13.372358

100
100
116
84
116
84
-12.900000
-6.100000
14.269547

100
100
116
84
116
84
-13.900000
-6.100000
15.179591

100
100
116
84
116
84
-14.900000
-6.100000
16.100311

100
100
116
84
116
84
-15.900000
-6.100000
17.029974

100
100
116
84
116
84
16.100000
-7.100000
17.596024

100
100
116
84
116
84
15.100000
-7.100000
16.685923

100
100
116
84
116
84
14.100000
-7.100000
15.786704

100
100
116
84
116
84
13.100000
-7.100000
14.900336

100
100
116
84
116
84
12.100000
-7.100000
14.029256

100
100
116
84
116
84
11.100000
-7.100000
13.176495

100
100
116
84
116
84
10.100000
-7.100000
12.345850

100
100
116
84
116
84
9.100000
-7.100000
11.542097

100
100
116
84
116
84
8.100000
-7.100000
10.771258

100
100
116
84
116
84
7.100000
-7.100000
10.040916

100
100
116
84
116
84
6.100000
-7.100000
9.360556

100
100
116
84
116
84
5.100000
-7.100000
8.741854

100
100
116
84
116
84
4.100000
-7.100000
8.198780

100
100
116
84
116
84
3.100000
-7.100000
7.747258

100
100
116
84
116
84
2.100000
-7.100000
7.404053

100
100
116
84
116
84
1.100000
-7.100000
7.184706

100
100
116
84
116
84
0.100000
-7.100000
7.100704

100
100
116
84
116
84
-0.900000
-7.100000
7.156815

100
100
116
84
116
84
-1.900000
-7.100000
7.349830

100
100
116
84
116
84
-2.900000
-7.100000
7.669420

100
100
116
84
116
84
-3.900000
-7.100000
8.100617

100
100
116
84
116
84
-4.900000
-7.100000
8.626702

100
100
116
84
116
84
-5.900000
-7.100000
9.231468

100
100
116
84
116
84
-6.900000
-7.100000
9.900505

100
100
116
84
116
84
-7.900000
-7.100000
10.621675

100
100
116
84
116
84
-8.900000
-7.100000
11.385077

100
100
116
84
116
84
-9.900000
-7.100000
12.182775

100
100
116
84
116
84
-10.900000
-7.100000
13.008458

100
100
116
84
116
84
-11.900000
-7.100000
13.857128

100
100
116
84
116
84
-12.900000
-7.100000
14.724809

100
100
116
84
116
84
-13.900000
-7.100000
15.608331

100
100
116
84
116
84
-14.900000
-7.100000
16.505150

100
100
116
84
116
84
-15.900000
-7.100000
17.413212

100
100
116
84
116
84
16.100000
-8.100000
18.022764

100
100
116
84
116
84
15.100000
-8.100000
17.135344

100
100
116
84
116
84
14.100000
-8.100000
16.260996

100
100
116
84
116
84
13.100000
-8.100000
15.401949

100
100
116
84
116
84
12.100000
-8.100000
14.560907

100
100
116
84
116
84
11.100000
-8.100000
13.741179

100
100
116
84
116
84
10.100000
-8.100000
12.946815

100
100
116
84
116
84
9.100000
-8.100000
12.182775

100
100
116
84
116
84
8.100000
-8.100000
11.455131

100
100
116
84
116
84
7.100000
-8.100000
10.771258

100
100
116
84
116
84
6.100000
-8.100000
10.140020

100
100
116
84
116
84
5.100000
-8.100000
9.571835

100
100
116
84
116
84
4.100000
-8.100000
9.078547

100
100
116
84
116
84
3.100000
-8.100000
8.672947

100
100
116
84
116
84
2.100000
-8.100000
8.367796

100
100
116
84
116
84
1.100000
-8.100000
8.174351

100
100
116
84
116
84
0.100000
-8.100000
8.100618

100
100
116
84
116
84
-0.900000
-8.100000
8.149847

100
100
116
84
116
84
-1.900000
-8.100000
8.319857

100
100
116
84
116
84
-2.900000
-8.100000
8.603488

100
100
116
84
116
84
-3.900000
-8.100000
8.989995

100
100
116
84
116
84
-4.900000
-8.100000
9.466784

100
100
116
84
116
84
-5.900000
-8.100000
10.020979

100
100
116
84
116
84
-6.900000
-8.100000
10.640490

100
100
116
84
116
84
-7.900000
-8.100000
11.314592

100
100
116
84
116
84
-8.900000
-8.100000
12.034119

100
100
116
84
116
84
-9.900000
-8.100000
12.791403

100
100
116
84
116
84
-10.900000
-8.100000
13.580132

100
100
116
84
116
84
-11.900000
-8.100000
14.395138

100
100
116
84
116
84
-12.900000
-8.100000
15.232203

100
100
116
84
116
84
-13.900000
-8.100000
16.087883

100
100
116
84
116
84
-14.900000
-8.100000
16.959364

100
100
116
84
116
84
-15.900000
-8.100000
17.844326

100
100
116
84
116
84
16.100000
-9.100000
18.493784

100
100
116
84
116
84
15.100000
-9.100000
17.630089

100
100
116
84
116
84
14.100000
-9.100000
16.781538

100
100
116
84
116
84
13.100000
-9.100000
15.950549

100
100
116
84
116
84
12.100000
-9.100000
15.140014

100
100
116
84
116
84
11.100000
-9.100000
14.353397

100
100
116
84
116
84
10.100000
-9.100000
13.594852

100
100
116
84
116
84
9.100000
-9.100000
12.869344

100
100
116
84
116
84
8.100000
-9.100000
12.182775

100
100
116
84
116
84
7.100000
-9.100000
11.542097

100
100
116
84
116
84
6.100000
-9.100000
10.955364

100
100
116
84
116
84
5.100000
-9.100000
10.431683

100
100
116
84
116
84
4.100000
-9.100000
9.980982

100
100
116
84
116
84
3.100000
-9.100000
9.613532

100
100
116
84
116
84
2.100000
-9.100000
9.339165

100
100
116
84
116
84
1.100000
-9.100000
9.166243

100
100
116
84
116
84
0.100000
-9.100000
9.100550

100
100
116
84
116
84
-0.900000
-9.100000
9.144398

100
100
116
84
116
84
-1.900000
-9.100000
9.296236

100
100
116
84
116
84
-2.900000
-9.100000
9.550917

100
100
116
84
116
84
-3.900000
-9.100000
9.900505

100
100
116
84
116
84
-4.900000
-9.100000
10.335377

100
100
116
84
116
84
-5.900000
-9.100000
10.845276

100
100
116
84
116
84
-6.900000
-9.100000
11.420158

100
100
116
84
116
84
-7.900000
-9.100000
12.050726

100
100
116
84
116
84
-8.900000
-9.100000
12.728707

100
100
116
84
116
84
-9.900000
-9.100000
13.446933

100
100
116
84
116
84
-10.900000
-9.100000
14.199296

100
100
116
84
116
84
-11.900000
-9.100000
14.980654

100
100
116
84
116
84
-12.900000
-9.100000
15.786703

100
100
116
84
116
84
-13.900000
-9.100000
16.613850

100
100
116
84
116
84
-14.900000
-9.100000
17.459095

100
100
116
84
116
84
-15.900000
-9.100000
18.319935

100
100
116
84
116
84
16.100000
-10.100000
19.005789

100
100
116
84
116
84
15.100000
-10.100000
18.166452

100
100
116
84
116
84
14.100000
-10.100000
17.344164

100
100
116
84
116
84
13.100000
-10.100000
16.541464

100
100
116
84
116
84
12.100000
-10.100000
15.761346

100
100
116
84
116
84
11.100000
-10.100000
15.007332

100
100
116
84
116
84
10.100000
-10.100000
14.283558

100
100
116
84
116
84
9.100000
-10.100000
13.594852

100
100
116
84
116
84
8.100000
-10.100000
12.946815

100
100
116
84
116
84
7.100000
-10.100000
12.345850

100
100
116
84
116
84
6.100000
-10.100000
11.799152

100
100
116
84
116
84
5.100000
-10.100000
11.314592

100
100
116
84
116
84
4.100000
-10.100000
10.900459

100
100
116
84
116
84
3.100000
-10.100000
10.565037

100
100
116
84
116
84
2.100000
-10.100000
10.316008

100
100
116
84
116
84
1.100000
-10.100000
10.159725

100
100
116
84
116
84
0.100000
-10.100000
10.100495

100
100
116
84
116
84
-0.900000
-10.100000
10.140020

100
100
116
84
116
84
-1.900000
-10.100000
10.277160

100
100
116
84
116
84
-2.900000
-10.100000
10.508093

100
100
116
84
116
84
-3.900000
-10.100000
10.826819

100
100
116
84
116
84
-4.900000
-10.100000
11.225863

100
100
116
84
116
84
-5.900000
-10.100000
11.697008

100
100
116
84
116
84
-6.900000
-10.100000
12.231926

100
100
116
84
116
84
-7.900000
-10.100000
12.822637

100
100
116
84
116
84
-8.900000
-10.100000
13.461798

100
100
116
84
116
84
-9.900000
-10.100000
14.142843

100
100
116
84
116
84
-10.900000
-10.100000
14.860014

100
100
116
84
116
84
-11.900000
-10.100000
15.608331

100
100
116
84
116
84
-12.900000
-10.100000
16.383528

100
100
116
84
116
84
-13.900000
-10.100000
17.181967

100
100
116
84
116
84
-14.900000
-10.100000
18.000557

100
100
116
84
116
84
-15.900000
-10.100000
18.836666

100
100
116
84
116
84
16.100000
-11.100000
19.555563

100
100
116
84
116
84
15.100000
-11.100000
18.740866

100
100
116
84
116
84
14.100000
-11.100000
17.944916

100
100
116
84
116
84
13.100000
-11.100000
17.170324

100
100
116
84
116
84
12.100000
-11.100000
16.420109

100
100
116
84
116
84
11.100000
-11.100000
15.697771

100
100
116
84
116
84
10.100000
-11.100000
15.007332

100
100
116
84
116
84
9.100000
-11.100000
14.353397

100
100
116
84
116
84
8.100000
-11.100000
13.741179

100
100
116
84
116
84
7.100000
-11.100000
13.176495

100
100
116
84
116
84
6.100000
-11.100000
12.665702

100
100
116
84
116
84
5.100000
-11.100000
12.215564

100
100
116
84
116
84
4.100000
-11.100000
11.833005

100
100
116
84
116
84
3.100000
-11.100000
11.524756

100
100
116
84
116
84
2.100000
-11.100000
11.296903

100
100
116
84
116
84
1.100000
-11.100000
11.154371

100
100
116
84
116
84
0.100000
-11.100000
11.100451

100
100
116
84
116
84
-0.900000
-11.100000
11.136427

100
100
116
84
116
84
-1.900000
-11.100000
11.261439

100
100
116
84
116
84
-2.900000
-11.100000
11.472576

100
100
116
84
116
84
-3.900000
-11.100000
11.765203

100
100
116
84
116
84
-4.900000
-11.100000
12.133425

100
100
116
84
116
84
-5.900000
-11.100000
12.570601

100
100
116
84
116
84
-6.900000
-11.100000
13.069813

100
100
116
84
116
84
-7.900000
-11.100000
13.624244

100
100
116
84
116
84
-8.900000
-11.100000
14.227438

100
100
116
84
116
84
-9.900000
-11.100000
14.873466

100
100
116
84
116
84
-10.900000
-11.100000
15.556992

100
100
116
84
116
84
-11.900000
-11.100000
16.273291

100
100
116
84
116
84
-12.900000
-11.100000
17.018225

100
100
116
84
116
84
-13.900000
-11.100000
17.788198

100
100
116
84
116
84
-14.900000
-11.100000
18.580097

100
100
116
84
116
84
-15.900000
-11.100000
19.391235

100
100
116
84
116
84
16.100000
-12.100000
20.140011

100
100
116
84
116
84
15.100000
-12.100000
19.349936

100
100
116
84
116
84
14.100000
-12.100000
18.580097

100
100
116
84
116
84
13.100000
-12.100000
17.833117

100
100
116
84
116
84
12.100000
-12.100000
17.111984

100
100
116
84
116
84
11.100000
-12.100000
16.420109

100
100
116
84
116
84
10.100000
-12.100000
15.761346

100
100
116
84
116
84
9.100000
-12.100000
15.140014

100
100
116
84
116
84
8.100000
-12.100000
14.560907

100
100
116
84
116
84
7.100000
-12.100000
14.029256

100
100
116
84
116
84
6.100000
-12.100000
13.550646

100
100
116
84
116
84
5.100000
-12.100000
13.130879

100
100
116
84
116
84
4.100000
-12.100000
12.775759

100
100
116
84
116
84
3.100000
-12.100000
12.490797

100
100
116
84
116
84
2.100000
-12.100000
12.280880

100
100
116
84
116
84
1.100000
-12.100000
12.149898

100
100
116
84
116
84
0.100000
-12.100000
12.100413

100
100
116
84
116
84
-0.900000
-12.100000
12.133425

100
100
116
84
116
84
-1.900000
-12.100000
12.248265

100
100
116
84
116
84
-2.900000
-12.100000
12.442669

100
100
116
84
116
84
-3.900000
-12.100000
12.712986

100
100
116
84
116
84
-4.900000
-12.100000
13.054502

100
100
116
84
116
84
-5.900000
-12.100000
13.461798

100
100
116
84
116
84
-6.900000
-12.100000
13.929107

100
100
116
84
116
84
-7.900000
-12.100000
14.450605

100
100
116
84
116
84
-8.900000
-12.100000
15.020652

100
100
116
84
116
84
-9.900000
-12.100000
15.633938

100
100
116
84
116
84
-10.900000
-12.100000
16.285576

100
100
116
84
116
84
-11.900000
-12.100000
16.971151

100
100
116
84
116
84
-12.900000
-12.100000
17.686718

100
100
116
84
116
84
-13.900000
-12.100000
18.428782

100
100
116
84
116
84
-14.900000
-12.100000
19.194269

100
100
116
84
116
84
-15.900000
-12.100000
19.980490

100
100
116
84
116
84
16.100000
-13.100000
20.756205

100
100
116
84
116
84
15.100000
-13.100000
19.990498

100
100
116
84
116
84
14.100000
-13.100000
19.246300

100
100
116
84
116
84
13.100000
-13.100000
18.526199

100
100
116
84
116
84
12.100000
-13.100000
17.833117

100
100
116
84
116
84
11.100000
-13.100000
17.170324

100
100
116
84
116
84
10.100000
-13.100000
16.541464

100
100
116
84
116
84
9.100000
-13.100000
15.950549

100
100
116
84
116
84
8.100000
-13.100000
15.401949

100
100
116
84
116
84
7.100000
-13.100000
14.900336

100
100
116
84
116
84
6.100000
-13.100000
14.450605

100
100
116
84
116
84
5.100000
-13.100000
14.057738

100
100
116
84
116
84
4.100000
-13.100000
13.726617

100
100
116
84
116
84
3.100000
-13.100000
13.461799

100
100
116
84
116
84
2.100000
-13.100000
13.267254

100
100
116
84
116
84
1.100000
-13.100000
13.146103

100
100
116
84
116
84
0.100000
-13.100000
13.100382

100
100
116
84
116
84
-0.900000
-13.100000
13.130880

100
100
116
84
116
84
-1.900000
-13.100000
13.237070

100
100
116
84
116
84
-2.900000
-13.100000
13.417154

100
100
116
84
116
84
-3.900000
-13.100000
13.668212

100
100
116
84
116
84
-4.900000
-13.100000
13.986423

100
100
116
84
116
84
-5.900000
-13.100000
14.367325

100
100
116
84
116
84
-6.900000
-13.100000
14.806081

100
100
116
84
116
84
-7.900000
-13.100000
15.297713

100
100
116
84
116
84
-8.900000
-13.100000
15.837298

100
100
116
84
116
84
-9.900000
-13.100000
16.420109

100
100
116
84
116
84
-10.900000
-13.100000
17.041714

100
100
116
84
116
84
-11.900000
-13.100000
17.698023

100
100
116
84
116
84
-12.900000
-13.100000
18.385321

100
100
116
84
116
84
-13.900000
-13.100000
19.100262

100
100
116
84
116
84
-14.900000
-13.100000
19.839859

100
100
116
84
116
84
-15.900000
-13.100000
20.601456

100
100
116
84
116
84
16.100000
-14.100000
21.401402

100
100
116
84
116
84
15.100000
-14.100000
20.659622

100
100
116
84
116
84
14.100000
-14.100000
19.940413

100
100
116
84
116
84
13.100000
-14.100000
19.246300

100
100
116
84
116
84
12.100000
-14.100000
18.580097

100
100
116
84
116
84
11.100000
-14.100000
17.944916

100
100
116
84
116
84
10.100000
-14.100000
17.344164

100
100
116
84
116
84
9.100000
-14.100000
16.781538

100
100
116
84
116
84
8.100000
-14.100000
16.260996

100
100
116
84
116
84
7.100000
-14.100000
15.786704

100
100
116
84
116
84
6.100000
-14.100000
15.362943

100
100
116
84
116
84
5.100000
-14.100000
14.993999

100
100
116
84
116
84
4.100000
-14.100000
14.684005

100
100
116
84
116
84
3.100000
-14.100000
14.436759

100
100
116
84
116
84
2.100000
-14.100000
14.255526

100
100
116
84
116
84
1.100000
-14.100000
14.142843

100
100
116
84
116
84
0.100000
-14.100000
14.100355

100
100
116
84
116
84
-0.900000
-14.100000
14.128695

100
100
116
84
116
84
-1.900000
-14.100000
14.227439

100
100
116
84
116
84
-2.900000
-14.100000
14.395139

100
100
116
84
116
84
-3.900000
-14.100000
14.629423

100
100
116
84
116
84
-4.900000
-14.100000
14.927156

100
100
116
84
116
84
-5.900000
-14.100000
15.284633

100
100
116
84
116
84
-6.900000
-14.100000
15.697771

100
100
116
84
116
84
-7.900000
-14.100000
16.162302

100
100
116
84
116
84
-8.900000
-14.100000
16.673933

100
100
116
84
116
84
-9.900000
-14.100000
17.228464

100
100
116
84
116
84
-10.900000
-14.100000
17.821896

100
100
116
84
116
84
-11.900000
-14.100000
18.450474

100
100
116
84
116
84
-12.900000
-14.100000
19.110729

100
100
116
84
116
84
-13.900000
-14.100000
19.799496

100
100
116
84
116
84
-14.900000
-14.100000
20.513899

100
100
116
84
116
84
-15.900000
-14.100000
21.251352

100
100
116
84
116
84
16.100000
-15.100000
22.073061

100
100
116
84
116
84
15.100000
-15.100000
21.354626

100
100
116
84
116
84
14.100000
-15.100000
20.659622

100
100
116
84
116
84
13.100000
-15.100000
19.990498

100
100
116
84
116
84
12.100000
-15.100000
19.349936

100
100
116
84
116
84
11.100000
-15.100000
18.740866

100
100
116
84
116
84
10.100000
-15.100000
18.166452

100
100
116
84
116
84
9.100000
-15.100000
17.630089

100
100
116
84
116
84
8.100000
-15.100000
17.135344

100
100
116
84
116
84
7.100000
-15.100000
16.685923

100
100
116
84
116
84
6.100000
-15.100000
16.285576

100
100
116
84
116
84
5.100000
-15.100000
15.938005

100
100
116
84
116
84
4.100000
-15.100000
15.646725

100
100
116
84
116
84
3.100000
-15.100000
15.414928

100
100
116
84
116
84
2.100000
-15.100000
15.245328

100
100
116
84
116
84
1.100000
-15.100000
15.140014

100
100
116
84
116
84
0.100000
-15.100000
15.100331

100
100
116
84
116
84
-0.900000
-15.100000
15.126798

100
100
116
84
116
84
-1.900000
-15.100000
15.219068

100
100
116
84
116
84
-2.900000
-15.100000
15.375956

100
100
116
84
116
84
-3.900000
-15.100000
15.595512

100
100
116
84
116
84
-4.900000
-15.100000
15.875138

100
100
116
84
116
84
-5.900000
-15.100000
16.211725

100
100
116
84
116
84
-6.900000
-15.100000
16.601807

100
100
116
84
116
84
-7.900000
-15.100000
17.041714

100
100
116
84
116
84
-8.900000
-15.100000
17.527693

100
100
116
84
116
84
-9.900000
-15.100000
18.056025

100
100
116
84
116
84
-10.900000
-15.100000
18.623104

100
100
116
84
116
84
-11.900000
-15.100000
19.225504

100
100
116
84
116
84
-12.900000
-15.100000
19.860010

100
100
116
84
116
84
-13.900000
-15.100000
20.523645

100
100
116
84
116
84
-14.900000
-15.100000
21.213675

100
100
116
84
116
84
-15.900000
-15.100000
21.927608

100
100
116
84
116
84
16.100000
-16.100000
22.768839

100
100
116
84
116
84
15.100000
-16.100000
22.073061

100
100
116
84
116
84
14.100000
-16.100000
21.401402

100
100
116
84
116
84
13.100000
-16.100000
20.756205

100
100
116
84
116
84
12.100000
-16.100000
20.140011

100
100
116
84
116
84
11.100000
-16.100000
19.555563

100
100
116
84
116
84
10.100000
-16.100000
19.005789

100
100
116
84
116
84
9.100000
-16.100000
18.493784

100
100
116
84
116
84
8.100000
-16.100000
18.022764

100
100
116
84
116
84
7.100000
-16.100000
17.596024

100
100
116
84
116
84
6.100000
-16.100000
17.216852

100
100
116
84
116
84
5.100000
-16.100000
16.888458

100
100
116
84
116
84
4.100000
-16.100000
16.613850

100
100
116
84
116
84
3.100000
-16.100000
16.395731

100
100
116
84
116
84
2.100000
-16.100000
16.236380

100
100
116
84
116
84
1.100000
-16.100000
16.137535

100
100
116
84
116
84
0.100000
-16.100000
16.100311

100
100
116
84
116
84
-0.900000
-16.100000
16.125135

100
100
116
84
116
84
-1.900000
-16.100000
16.211725

100
100
116
84
116
84
-2.900000
-16.100000
16.359097

100
100
116
84
116
84
-3.900000
-16.100000
16.565628

100
100
116
84
116
84
-4.900000
-16.100000
16.829142

100
100
116
84
116
84
-5.900000
-16.100000
17.147013

100
100
116
84
116
84
-6.900000
-16.100000
17.516279

100
100
116
84
116
84
-7.900000
-16.100000
17.933767

100
100
116
84
116
84
-8.900000
-16.100000
18.396196

100
100
116
84
116
84
-9.900000
-16.100000
18.900265

100
100
116
84
116
84
-10.900000
-16.100000
19.442738

100
100
116
84
116
84
-11.900000
-16.100000
20.020489

100
100
116
84
116
84
-12.900000
-16.100000
20.630560

100
100
116
84
116
84
-13.900000
-16.100000
21.270166

100
100
116
84
116
84
-14.900000
-16.100000
21.936728

100
100
116
84
116
84
-15.900000
-16.100000
22.627859
