0.857508
0.985256
0.285983
0.520719
0.138433
0.809105
0.420808
0.448205
0.355129
0.136918
0.0177719
0.80909
0.864322
0.0377846
0.870785
0.681045
0.393689
0.600019
0.54533
0.536941
0.202358
0.969121
0.822136
0.229789
0.263763
0.143433
0.111539
0.513853
0.122182
0.137572
0.178079
0.551984
0.843208
0.257305
0.421657
0.0408867
0.00889325
0.258374
0.0176474
0.103689
0.372966
0.663811
0.454196
0.138478
0.353106
0.850134
0.751755
0.189576
0.194953
0.582691
0.0751501
0.510505
0.668895
0.498622
0.318842
0.964325
0.990739
0.306445
0.814148
0.836968
0.581035
0.29985
0.300809
0.558635
0.444293
0.474047
0.555828
0.240572
0.805571
0.579329
0.234867
0.751061
0.0270381
0.459644
0.812075
0.434893
0.747259
0.949048
0.74758
0.262713
0.546338
0.218318
0.188445
0.181275
0.307373
0.501292
0.226189
0.10047
0.391404
0.0524351
0.163395
0.755438
0.339637
0.946225
0.834075
0.482273
0.968847
0.958825
0.66887
0.257846
