0.215919
0.213304
0.00411504
0.0462792
0.607293
0.818737
0.662818
0.346593
0.986175
0.291048
0.372309
0.930409
0.972191
0.581429
0.133627
0.466205
0.934347
0.350252
0.851674
0.56637
0.31758
0.631618
0.569053
0.489219
0.572379
0.109107
0.0370022
0.286286
0.790228
0.158463
0.55175
0.7197
0.59536
0.532622
0.953456
0.924076
0.203672
0.081629
0.764664
0.917646
0.687353
0.999573
0.633836
0.61628
0.606637
0.495867
0.953507
0.311011
0.792968
0.869467
0.653882
0.846427
0.295368
0.540677
0.111639
0.219186
0.467778
0.991778
0.88004
0.800537
0.976607
0.255525
0.299776
0.0227517
0.766484
0.0373845
0.215662
0.88223
0.742331
0.274638
0.281306
0.315898
0.0449955
0.491758
0.425306
0.304546
0.343413
0.396875
0.983928
0.686335
0.837821
0.0718152
0.85313
0.820635
0.217258
0.223475
0.80556
0.852294
0.839996
0.331557
0.113708
0.794501
0.192838
0.354133
0.167729
0.618156
0.644646
0.635074
0.745165
0.363956
