0.0952461
0.732642
0.397161
0.234677
0.406067
0.475875
0.578892
0.499723
0.206908
0.221753
0.811761
0.313872
0.898511
0.409515
0.437024
0.778265
0.809776
0.222206
0.0965153
0.0123577
0.931745
0.924375
0.108597
0.0104473
0.838868
0.722493
0.21617
0.746887
0.133474
0.82939
0.945518
0.218076
0.206395
0.95807
0.68481
0.121121
0.695358
0.739436
0.117087
0.541191
0.434818
0.147712
0.336907
0.451406
0.443828
0.21957
0.706609
0.999785
0.701339
0.917287
0.301108
0.471073
0.472433
0.130233
0.833028
0.0646929
0.0754069
0.624862
0.580483
0.190352
0.98562
0.777166
0.596933
0.644037
0.480816
0.148156
0.435615
0.868638
0.464615
0.226852
0.517807
0.483528
0.204983
0.205921
0.702146
0.474685
0.0935111
0.555737
0.609713
0.508521
0.389754
0.488787
0.163099
0.686912
0.0544642
0.202886
0.368834
0.926126
0.907616
0.941967
0.790882
0.364001
0.741989
0.579376
0.866145
0.072273
0.732214
0.891496
0.0703372
0.458463
