0.257719
0.85444
0.391691
0.606526
0.550396
0.214441
0.981305
0.784329
0.855361
0.624153
0.883291
0.646475
0.111153
0.213385
0.730655
0.557748
0.0700449
0.114241
0.520726
0.403561
0.226746
0.986591
0.12062
0.534
0.170202
0.255633
0.491097
0.233454
0.267623
0.887204
0.0532379
0.139384
0.670963
0.235901
0.426641
0.46524
0.435388
0.333768
0.770039
0.145887
0.856987
0.416532
0.159392
0.344031
0.189087
0.646389
0.895312
0.57512
0.914077
0.170626
0.279013
0.763524
0.488884
0.218834
0.948354
0.227663
0.182893
0.126708
0.62892
0.355477
0.499394
0.384735
0.926134
0.932413
0.595741
0.36654
0.60647
0.00677734
0.714126
0.789481
0.875474
0.619252
0.236425
0.567172
0.843977
0.192396
0.708046
0.435777
0.565382
0.194158
0.807294
0.877933
0.028967
0.105343
0.224789
0.273311
0.123177
0.0951364
0.454612
0.301607
0.275593
0.0429257
0.484948
0.309279
0.118101
0.649871
0.874402
0.429524
0.746183
0.720088
