0.148891
0.165302
0.0855027
0.640607
0.719283
0.965679
0.447779
0.631851
0.413935
0.570282
0.496561
0.606898
0.189475
0.120378
0.713416
0.0402908
0.683895
0.674381
0.422666
0.82424
0.586473
0.00726545
0.11888
0.0451266
0.840543
0.570514
0.212984
0.531521
0.370073
0.51885
0.562571
0.337691
0.655058
0.879333
0.56895
0.917513
0.905441
0.616101
0.175278
0.0614852
0.173714
0.593056
0.993756
0.0152513
0.320858
0.22705
0.263211
0.87592
0.632115
0.206407
0.0293416
0.224913
0.390001
0.362225
0.982875
0.705238
0.779821
0.961114
0.434599
0.950047
0.591034
0.425492
0.791714
0.717258
0.60768
0.373261
0.768987
0.83016
0.316748
0.956532
0.558296
0.939233
0.28194
0.0460804
0.184802
0.629031
0.477904
0.231373
0.500873
0.63168
0.194249
0.49671
0.962673
0.44701
0.854648
0.873474
0.602624
0.300634
0.461509
0.401096
0.615507
0.490095
0.648086
0.588916
0.869548
0.0704826
0.308733
0.159174
0.234145
0.886469
