0.85352
0.77947
0.289036
0.480013
0.681688
0.579292
0.712031
0.724809
0.814429
0.286414
0.19792
0.336711
0.98712
0.0279875
0.493404
0.467757
0.423851
0.509315
0.90051
0.4559
0.441567
0.916001
0.255561
0.0812225
0.497348
0.551763
0.0891596
0.67295
0.441316
0.840551
0.104944
0.895972
0.478932
0.0017366
0.0705616
0.00843675
0.572372
0.783135
0.768667
0.272381
0.395108
0.773328
0.788087
0.483473
0.798407
0.474051
0.815222
0.946775
0.681102
0.574354
0.627664
0.402908
0.507249
0.566268
0.0816774
0.00833529
0.732627
0.777716
0.114994
0.801888
0.129769
0.652038
0.119902
0.525268
0.943693
0.392984
0.933067
0.816465
0.291175
0.231665
0.473065
0.630205
0.280406
0.3357
0.556446
0.73245
0.490671
0.443386
0.491332
0.74077
0.55862
0.582832
0.612494
0.995467
0.687463
0.253186
0.38104
0.222923
0.373001
0.952755
0.5769
0.659572
0.0519346
0.556211
0.987025
0.723754
0.547467
0.859278
0.62451
0.952426
