0.938689
0.661283
0.353331
0.510362
0.909092
0.139422
0.262512
0.710487
0.914657
0.751165
0.923014
0.0224981
0.254856
0.257405
0.582138
0.880089
0.996812
0.596843
0.619014
0.0119488
0.838396
0.267654
0.77579
0.473128
0.962077
0.996991
0.0795285
0.569016
0.333211
0.123982
0.541066
0.82307
0.137781
0.00687217
0.62009
0.921659
0.140834
0.0949501
0.318297
0.361161
0.119286
0.308487
0.111269
0.575978
0.0292682
0.799252
0.964954
0.90081
0.797109
0.932957
0.934115
0.69355
0.991133
0.448411
0.419032
0.864424
0.356961
0.148823
0.0639363
0.80841
0.61643
0.127306
0.974611
0.314575
0.937132
0.833673
0.317134
0.0426396
0.0350634
0.854921
0.152007
0.430694
0.0482954
0.431084
0.180545
0.145582
0.113591
0.584588
0.466834
0.141968
0.351447
0.422588
0.907566
0.832192
0.319148
0.332888
0.925711
0.358133
0.939648
0.819693
0.431999
0.832306
0.471376
0.746479
0.147098
0.18532
0.0479979
0.679842
0.9587
0.481063
