0.518608
0.902454
0.961824
0.664691
0.29615
0.482599
0.84023
0.888007
0.595219
0.336044
0.903928
0.07656
0.319273
0.395599
0.386545
0.844021
0.813129
0.419769
0.615909
0.559464
0.684355
0.997912
0.54415
0.232075
0.562109
0.265088
0.181434
0.593748
0.544632
0.662147
0.347211
0.727007
0.718713
0.193518
0.624173
0.234633
0.710909
0.668051
0.768821
0.319743
0.44951
0.120867
0.31223
0.509261
0.25999
0.379414
0.832782
0.731441
0.868824
0.600359
0.207778
0.15506
0.0134217
0.31697
0.777534
0.476561
0.270592
0.254822
0.123226
0.184404
0.505446
0.831294
0.7381
0.828331
0.351798
0.891562
0.00769726
0.72941
0.709637
0.0274334
0.149236
0.304449
0.99356
0.147297
0.631612
0.85956
0.229907
0.420395
0.666039
0.408556
0.268442
0.450398
0.174189
0.881677
0.242534
0.712132
0.555326
0.0806735
0.101895
0.369026
0.808697
0.81943
0.228596
0.808708
0.561185
0.384
0.86006
0.822059
0.462949
0.232564
