0.529821
0.414523
0.250875
0.530534
0.49546
0.162448
0.736772
0.751491
0.168677
0.106935
0.724408
0.197178
0.884517
0.894729
0.253089
0.781231
0.610386
0.793289
0.640877
0.191188
0.773244
0.322082
0.960063
0.152171
0.846353
0.695556
0.0208371
0.782722
0.285717
0.995601
0.314578
0.0882181
0.981489
0.765364
0.252008
0.0143468
0.91614
0.508841
0.0109656
0.863185
0.129674
0.923854
0.606606
0.732278
0.251194
0.062643
0.721324
0.0980672
0.341048
0.729816
0.361387
0.581166
0.694318
0.0138842
0.77735
0.974528
0.622301
0.237899
0.506726
0.848344
0.0490203
0.336207
0.365024
0.0952309
0.0647061
0.708932
0.839223
0.53094
0.187171
0.897276
0.735003
0.865597
0.193677
0.534433
0.838186
0.875348
0.450052
0.494869
0.149467
0.423069
0.978225
0.144844
0.499573
0.308706
0.919754
0.983408
0.284572
0.38135
0.340371
0.0216615
0.370704
0.950642
0.0245874
0.556825
0.379448
0.78608
0.31595
0.110366
0.588082
0.791645
