0.0584448
0.249223
0.300608
0.224986
0.676394
0.193315
0.350142
0.796269
0.974383
0.0668684
0.562984
0.516581
0.269123
0.0519077
0.798764
0.830903
0.458533
0.0199561
0.689388
0.56539
0.803321
0.134665
0.142411
0.0217005
0.133516
0.807956
0.424657
0.0878437
0.126386
0.378078
0.0253285
0.609632
0.43242
0.836427
0.029865
0.896555
0.539611
0.727652
0.0578159
0.599684
0.819462
0.587012
0.443055
0.638697
0.640508
0.95679
0.198501
0.113292
0.38214
0.428759
0.607312
0.26489
0.875298
0.461552
0.225248
0.195421
0.698992
0.58279
0.878414
0.140392
0.313499
0.304886
0.0677989
0.802192
0.250847
0.670423
0.697045
0.111495
0.760136
0.0255848
0.0441177
0.167844
0.958638
0.518461
0.377324
0.0718627
0.141209
0.609616
0.154513
0.535675
0.943838
0.95018
0.0566202
0.513795
0.922601
0.696469
0.918068
0.254428
0.565438
0.275438
0.443093
0.284739
0.637651
0.266032
0.0492215
0.950941
0.296406
0.0681565
0.651945
0.83486
