0.689879
0.804076
0.385865
0.00541748
0.230461
0.420101
0.559127
0.985874
0.573944
0.83329
0.515406
0.158411
0.671617
0.670107
0.959419
0.115733
0.343989
0.686593
0.196536
0.74139
0.441395
0.1917
0.543124
0.748952
0.801275
0.887881
0.949304
0.58889
0.056935
0.484231
0.435757
0.272782
0.207232
0.947353
0.339812
0.0902234
0.539369
0.18211
0.207592
0.739443
0.121444
0.377814
0.476803
0.0600206
0.179128
0.586682
0.25216
0.312687
0.842185
0.423908
0.921999
0.757703
0.692229
0.249884
0.0956532
0.474201
0.787245
0.577662
0.311104
0.797323
0.0393249
0.355311
0.285191
0.15763
0.646725
0.781529
0.28608
0.00759787
0.900182
0.648834
0.35413
0.368605
0.386465
0.290041
0.665691
0.391118
0.705416
0.525265
0.549255
0.854249
0.582177
0.689458
0.487791
0.416686
0.525005
0.0540886
0.764304
0.108267
0.186268
0.867711
0.687949
0.618994
0.475376
0.623073
0.826165
0.0607248
0.0602482
0.556368
0.757808
0.661635
