0.471987
0.611828
0.377476
0.00189839
0.691247
0.426807
0.348765
0.842422
0.348466
0.40956
0.981307
0.377427
0.513798
0.315412
0.868238
0.980072
0.0270421
0.591131
0.138299
0.709531
0.695041
0.624557
0.121096
0.433538
0.289324
0.162946
0.398621
0.824018
0.370123
0.787644
0.223092
0.0641002
0.676104
0.091039
0.655334
0.346255
0.570997
0.448209
0.237201
0.635143
0.839827
0.278995
0.526005
0.694279
0.0334543
0.710446
0.402876
0.128228
0.249464
0.609391
0.249317
0.0905209
0.117152
0.442374
0.127265
0.369361
0.286096
0.730833
0.0922476
0.844795
0.70052
0.51891
0.793608
0.902454
0.595595
0.206123
0.435415
0.717722
0.234707
0.759734
0.581247
0.348712
0.0129432
0.50044
0.192311
0.388425
0.826343
0.838163
0.689006
0.903351
0.323415
0.569873
0.780673
0.255483
0.901028
0.462225
0.0100295
0.985644
0.861013
0.17713
0.829957
0.525472
0.595492
0.619993
0.137354
0.352027
0.800404
0.733436
0.131615
0.142289
