0.518052
0.754563
0.294858
0.976337
0.753591
0.370467
0.194165
0.263138
0.873951
0.805226
0.0271092
0.518036
0.336654
0.659779
0.550846
0.569116
0.592096
0.742109
0.0800079
0.853454
0.527022
0.184776
0.368381
0.506183
0.586538
0.287603
0.834341
0.84977
0.179584
0.181863
0.425319
0.186749
0.707465
0.567693
0.973062
0.011393
0.632957
0.154303
0.340469
0.584692
0.848739
0.334572
0.759577
0.265741
0.133813
0.904482
0.364113
0.598546
0.516613
0.505069
0.0112772
0.755433
0.942144
0.127264
0.857666
0.5234
0.849741
0.262088
0.121954
0.826842
0.754933
0.256489
0.979664
0.424284
0.0696789
0.251304
0.180669
0.881444
0.849856
0.364925
0.65375
0.624417
0.567299
0.892256
0.676398
0.782064
0.334571
0.121519
0.237825
0.633915
0.121465
0.60318
0.606628
0.326825
0.903001
0.902469
0.439351
0.526938
0.685932
0.48989
0.889678
0.513171
0.70723
0.59797
0.256125
0.76589
0.0860163
0.0156425
0.796123
0.147177
