0.896054
0.643842
0.535522
0.728533
0.495362
0.966188
0.611115
0.392297
0.814095
0.233896
0.640707
0.923851
0.717435
0.814547
0.624782
0.596329
0.608217
0.818415
0.949303
0.183013
0.689672
0.096777
0.532016
0.631198
0.59541
0.119021
0.996323
0.735094
0.76594
0.486208
0.441557
0.677063
0.0798037
0.720173
0.77378
0.809367
0.388682
0.363319
0.334127
0.470728
0.419012
0.696882
0.279177
0.105801
0.326313
0.650858
0.998542
0.209479
0.0899937
0.567995
0.245664
0.909344
0.685193
0.382699
0.336912
0.168047
0.633442
0.197662
0.966783
0.900535
0.702113
0.582233
0.249346
0.165817
0.459849
0.428414
0.868405
0.566016
0.847142
0.583584
0.399774
0.562535
0.859385
0.235449
0.0297909
0.370885
0.686944
0.553778
0.363856
0.401696
0.159909
0.129559
0.740687
0.550212
0.398209
0.576361
0.292561
0.848527
0.761807
0.812562
0.644187
0.654668
0.342447
0.366202
0.629583
0.0141671
0.608902
0.0271298
0.598336
0.148532
