0.442015
0.900831
0.54283
0.71931
0.609554
0.24358
0.203752
0.715581
0.507477
0.365162
0.459976
0.270782
0.847705
0.286374
0.0364435
0.77581
0.664997
0.890707
0.875774
0.261448
0.261197
0.0829596
0.917025
0.069663
0.939208
0.774561
0.532169
0.287638
0.695086
0.659985
0.480701
0.58453
0.737182
0.299788
0.500085
0.26903
0.102085
0.335183
0.979506
0.651085
0.763395
0.120471
0.973469
0.330467
0.901936
0.787872
0.765874
0.247981
0.111746
0.0189477
0.651248
0.117556
0.0758894
0.883753
0.226998
0.981826
0.465865
0.408935
0.910113
0.778752
0.677786
0.0881298
0.870219
0.825307
0.204147
0.585293
0.247629
0.331406
0.172142
0.567034
0.250413
0.751827
0.36508
0.430578
0.861188
0.779423
0.835949
0.853541
0.693498
0.347182
0.762063
0.556512
0.368749
0.780092
0.772359
0.913407
0.850824
0.0470215
0.631837
0.412783
0.927871
0.961607
0.662507
0.902868
0.975359
0.958555
0.0617158
0.941024
0.113886
0.759472
