0.0966789
0.707049
0.0834066
0.460739
0.00852877
0.149143
0.660056
0.466044
0.743225
0.50381
0.453449
0.590137
0.934572
0.655159
0.267254
0.372468
0.637676
0.254215
0.632133
0.70431
0.771921
0.775067
0.217788
0.249301
0.609148
0.789654
0.917632
0.399288
0.010896
0.204078
0.78664
0.339275
0.889085
0.0662113
0.293284
0.572485
0.532782
0.822223
0.061297
0.0817134
0.470013
0.454975
0.61366
0.943949
0.970273
0.336539
0.449623
0.784018
0.102529
0.427169
0.910676
0.675547
0.314688
0.456889
0.710216
0.191039
0.739321
0.293846
0.811238
0.0827535
0.376599
0.557365
0.64149
0.643973
0.365345
0.802337
0.801991
0.100145
0.663073
0.897897
0.179567
0.0451365
0.961516
0.463999
0.270929
0.217326
0.399586
0.289395
0.671684
0.279142
0.769848
0.178671
0.269142
0.614978
0.0530189
0.578766
0.574091
0.986813
0.932811
0.874893
0.594784
0.324311
0.949063
0.914211
0.713057
0.93751
0.869299
0.30739
0.176981
0.639822
