0.332094
0.524387
0.852291
0.15079
0.609039
0.924079
0.230326
0.443135
0.390639
0.822753
0.0920547
0.851475
0.0492849
0.311499
0.674688
0.728027
0.608331
0.942998
0.241179
0.765293
0.720619
0.493425
0.53037
0.833029
0.189645
0.748014
0.620452
0.0570146
0.225742
0.476566
0.551169
0.180559
0.0904786
0.145606
0.477004
0.42441
0.153919
0.809651
0.441642
0.339256
0.402882
0.890159
0.537887
0.456479
0.546316
0.513045
0.201806
0.189068
0.125518
0.720913
0.946691
0.484021
0.820346
0.668275
0.585214
0.829098
0.835787
0.110759
0.580573
0.546996
0.798436
0.943548
0.722429
0.0662531
0.210537
0.229728
0.222031
0.0856831
0.562506
0.777221
0.426505
0.327256
0.445246
0.520742
0.907154
0.610504
0.906095
0.221924
0.0419809
0.0894408
0.751606
0.0309045
0.405396
0.394713
0.0226639
0.673081
0.592953
0.329143
0.470864
0.205966
0.28514
0.622268
0.089026
0.545966
0.266911
0.637659
0.69044
0.496974
0.413465
0.881957
