0.130921
0.885529
0.657089
0.980902
0.860012
0.746123
0.780298
0.0923296
0.0547674
0.051756
0.0740839
0.444884
0.233508
0.967236
0.0674497
0.634412
0.859023
0.906467
0.361138
0.850499
0.00333132
0.457204
0.0216401
0.685571
0.411084
0.334799
0.595067
0.50118
0.69677
0.911975
0.481726
0.144173
0.251272
0.0734319
0.162274
0.783732
0.467184
0.028408
0.242198
0.7091
0.8806
0.537903
0.0136922
0.67369
0.926646
0.741064
0.453326
0.794616
0.997487
0.0591923
0.696492
0.892501
0.39636
0.880011
0.742842
0.0448568
0.263148
0.211407
0.358894
0.401797
0.866638
0.266698
0.0464603
0.192585
0.64589
0.865526
0.238535
0.395164
0.130042
0.979668
0.348545
0.75798
0.0714218
0.434969
0.579108
0.895588
0.32468
0.843165
0.805557
0.843658
0.17134
0.128934
0.624196
0.553947
0.465799
0.437926
0.691599
0.631786
0.579011
0.356512
0.721042
0.847227
0.733487
0.801502
0.891278
0.331788
0.251575
0.871525
0.30312
0.178266
