0.750779
0.293745
0.477849
0.466434
0.735985
0.276932
0.483217
0.447613
0.533146
0.68261
0.914639
0.748692
0.534781
0.491079
0.264421
0.46327
0.562762
0.141088
0.807593
0.694143
0.937563
0.264025
0.184378
0.428971
0.0322781
0.856436
0.956043
0.35192
0.924535
0.844485
0.0297993
0.601674
0.097837
0.304951
0.839345
0.498654
0.0187361
0.850132
0.885927
0.318668
0.646736
0.945813
0.986312
0.979904
0.99726
0.189912
0.0484298
0.0913733
0.150098
0.382818
0.280892
0.352346
0.799115
0.339086
0.187144
0.49493
0.952945
0.0473225
0.68189
0.934806
0.293712
0.058223
0.934138
0.206797
0.25729
0.259479
0.662976
0.203533
0.708544
0.1504
0.406776
0.902771
0.074032
0.656137
0.0966159
0.305989
0.659695
0.139959
0.215225
0.0409335
0.534608
0.832741
0.341711
0.268141
0.728449
0.523721
0.333457
0.836844
0.952752
0.997431
0.965018
0.564095
0.680518
0.96313
0.407607
0.180928
0.281368
0.0686824
0.654719
0.178663
