0.612412
0.105508
0.431056
0.287844
0.0404681
0.454702
0.178848
0.108817
0.916563
0.862969
0.609408
0.168008
0.956618
0.789324
0.65556
0.994396
0.0706963
0.671989
0.657598
0.0199048
0.0973639
0.892937
0.988887
0.306456
0.393523
0.437861
0.132774
0.60714
0.940796
0.116567
0.122478
0.977687
0.300717
0.305445
0.117051
0.572675
0.21964
0.986851
0.477584
0.985506
0.58945
0.552175
0.232521
0.0915041
0.836546
0.0730083
0.990556
0.844004
0.813706
0.122671
0.230022
0.325893
0.791733
0.162502
0.495718
0.920726
0.401047
0.70031
0.0283117
0.0861019
0.0254247
0.202096
0.258156
0.208362
0.733865
0.848529
0.570184
0.796178
0.765044
0.632444
0.119019
0.463888
0.924757
0.155532
0.793876
0.956806
0.297984
0.632879
0.539759
0.0469224
0.688912
0.993182
0.807751
0.913132
0.266901
0.555603
0.110492
0.235729
0.0730184
0.199542
0.585742
0.735182
0.323079
0.856093
0.123917
0.346613
0.279217
0.368923
0.277436
0.243409
