0.446358
0.0889383
0.945895
0.626183
0.346343
0.345439
0.00827479
0.250705
0.0254188
0.0993661
0.138255
0.441776
0.375314
0.914516
0.594573
0.567001
0.42445
0.850078
0.589159
0.577894
0.765889
0.17522
0.693419
0.882609
0.940175
0.1514
0.342641
0.82839
0.291988
0.463022
0.51401
0.467725
0.687292
0.247177
0.411805
0.084236
0.00181813
0.996595
0.55834
0.421771
0.431075
0.663258
0.794361
0.540946
0.581121
0.592308
0.660763
0.194101
0.239525
0.831757
0.409455
0.558345
0.0228583
0.334917
0.471191
0.250717
0.157305
0.488506
0.256424
0.0809497
0.631995
0.609037
0.169369
0.553863
0.270456
0.931559
0.319832
0.559108
0.338463
0.220501
0.363219
0.91813
0.351369
0.337804
0.289293
0.141153
0.609483
0.714796
0.158834
0.488874
0.387694
0.173251
0.814536
0.950826
0.550413
0.63293
0.701997
0.391836
0.0385789
0.875606
0.214197
0.536798
0.81549
0.138969
0.436861
0.398173
0.581179
0.00511683
0.59216
0.375766
