0.820239
0.447853
0.938985
0.319194
0.617972
0.866317
0.566256
0.466777
0.82704
0.0520507
0.384641
0.26215
0.432271
0.418714
0.217489
0.325796
0.0582374
0.8952
0.341942
0.920274
0.433771
0.941052
0.378943
0.737715
0.473125
0.840215
0.423324
0.641616
0.685969
0.928611
0.100849
0.305233
0.763584
0.583161
0.720806
0.868427
0.165426
0.678709
0.70858
0.5606
0.607424
0.249985
0.277227
0.167845
0.708768
0.740405
0.449545
0.853574
0.77027
0.5978
0.913999
0.167367
0.91913
0.0783248
0.699513
0.55071
0.349243
0.850333
0.687659
0.377236
0.990398
0.744437
0.156805
0.0860922
0.246078
0.639368
0.106724
0.995488
0.862202
0.337468
0.696903
0.707315
0.589386
0.0867571
0.66326
0.848874
0.146724
0.943046
0.573554
0.938561
0.191891
0.67969
0.0148703
0.11337
0.821106
0.834179
0.917701
0.791213
0.983578
0.71595
0.230086
0.507002
0.91213
0.787855
0.353587
0.425189
0.735859
0.0549608
0.407756
0.606523
