0.651801
0.971501
0.783747
0.783576
0.47246
0.791707
0.808918
0.843731
0.528293
0.557997
0.464496
0.2119
0.951266
0.524762
0.799626
0.350301
0.393572
0.404015
0.362983
0.988108
0.55977
0.0471598
0.212049
0.760289
0.570647
0.538495
0.0770374
0.177594
0.787852
0.625579
0.463288
0.860611
0.0303529
0.0801074
0.293046
0.91909
0.797401
0.45686
0.756855
0.192621
0.603509
0.578064
0.291185
0.434014
0.186758
0.655276
0.547414
0.50828
0.137135
0.439246
0.760632
0.996113
0.773724
0.94758
0.241469
0.854697
0.63007
0.460966
0.61327
0.311411
0.338145
0.996688
0.8365
0.160551
0.335406
0.0434186
0.728024
0.786684
0.383774
0.700913
0.855299
0.499914
0.310208
0.206357
0.982985
0.943936
0.223395
0.131583
0.0386
0.0273278
0.286264
0.141225
0.528857
0.325065
0.362491
0.342929
0.930785
0.653516
0.0809833
0.940802
0.230653
0.537266
0.316501
0.350464
0.788013
0.389458
0.416175
0.164082
0.344764
0.0992915
