0.618043
0.256367
0.171564
0.173202
0.0519071
0.0377043
0.0194372
0.628469
0.450079
0.202425
0.509768
0.91295
0.887942
0.804622
0.383973
0.955058
0.256102
0.37842
0.687987
0.532127
0.121881
0.451425
0.0532727
0.971943
0.604471
0.576438
0.0713835
0.928691
0.672469
0.0306504
0.368901
0.982222
0.658797
0.32791
0.0744817
0.11283
0.795103
0.76788
0.187278
0.933995
0.984308
0.155462
0.152818
0.745388
0.154532
0.366971
0.415822
0.129833
0.195286
0.331149
0.417498
0.792408
0.147257
0.800322
0.745196
0.676087
0.758247
0.258789
0.930339
0.959545
0.238958
0.32431
0.885232
0.999519
0.864872
0.533083
0.11618
0.730823
0.943213
0.864014
0.551305
0.231908
0.21251
0.607423
0.585368
0.61843
0.985989
0.959631
0.120441
0.84692
0.793427
0.118389
0.420698
0.396704
0.959709
0.605061
0.75725
0.72995
0.294776
0.205949
0.205222
0.162995
0.305124
0.32185
0.452799
0.232372
0.279409
0.443785
0.895329
0.111689
