0.976329
0.50178
0.969408
0.107436
0.00630475
0.910337
0.175694
0.754941
0.241019
0.538353
0.908238
0.360898
0.665691
0.255953
0.541869
0.191839
0.81637
0.108888
0.187412
0.750551
0.581476
0.432175
0.852154
0.932022
0.77919
0.468391
0.18366
0.223878
0.0384344
0.316519
0.917009
0.71614
0.243178
0.146744
0.115051
0.45055
0.10887
0.183129
0.568852
0.673552
0.0651455
0.301575
0.623273
0.15633
0.829554
0.80061
0.183974
0.364592
0.718867
0.166212
0.714273
0.154614
0.986482
0.985746
0.478174
0.480892
0.368982
0.516718
0.231401
0.528859
0.0591331
0.208027
0.143034
0.542349
0.302103
0.250946
0.815228
0.914914
0.188592
0.233088
0.311494
0.726741
0.100968
0.86251
0.765481
0.902963
0.350293
0.0217535
0.854122
0.366988
0.885301
0.101877
0.457171
0.00557023
0.144914
0.437604
0.181179
0.495193
0.925494
0.842483
0.88957
0.420489
0.610468
0.935729
0.732373
0.311805
0.46358
0.540596
0.76654
0.212173
