0.613697
0.637496
0.373944
0.594044
0.61605
0.677681
0.143613
0.00375618
0.419285
0.423087
0.0707666
0.20817
0.415128
0.663319
0.594407
0.902835
0.347301
0.967648
0.863721
0.0459992
0.519947
0.947017
0.867535
0.786197
0.908594
0.619101
0.808709
0.74985
0.405141
0.723846
0.0387622
0.229814
0.141733
0.870017
0.500671
0.178953
0.197436
0.37934
0.0910556
0.69292
0.251971
0.999566
0.57138
0.699199
0.61228
0.808063
0.529659
0.891418
0.0270192
0.424405
0.944556
0.558312
0.319639
0.20786
0.177187
0.777363
0.0650129
0.986811
0.550466
0.00363011
0.0259505
0.970765
0.247906
0.342353
0.749452
0.0953363
0.175548
0.115574
0.964392
0.58634
0.456955
0.557425
0.0995391
0.378452
0.481036
0.0573206
0.0514921
0.746134
0.469588
0.631278
0.741225
0.448905
0.230233
0.265148
0.09736
0.158007
0.00603257
0.843861
0.506959
0.819388
0.871006
0.517018
0.353707
0.0182988
0.0749569
0.08394
0.104738
0.695374
0.00624315
0.766579
