0.45059
0.547981
0.434754
0.397214
0.982111
0.572873
0.777849
0.608543
0.847926
0.854398
0.361895
0.724621
0.208929
0.639221
0.830445
0.240241
0.862438
0.261245
0.601813
0.792298
0.27971
0.930193
0.410063
0.616065
0.251692
0.991963
0.442845
0.25372
0.571696
0.728469
0.841207
0.686052
0.229749
0.158547
0.240094
0.541714
0.355826
0.621363
0.831186
0.510347
0.94938
0.99908
0.707122
0.659238
0.799415
0.191249
0.143267
0.459026
0.545082
0.123463
0.692396
0.711125
0.650522
0.0407669
0.602085
0.490497
0.645205
0.787292
0.821011
0.0762299
0.693943
0.797175
0.268841
0.376756
0.975192
0.743642
0.268797
0.39432
0.0565075
0.16916
0.538049
0.995296
0.00556044
0.734391
0.128133
0.438329
0.522891
0.742956
0.45733
0.945713
0.316546
0.0123949
0.770805
0.203606
0.3172
0.762169
0.523239
0.695673
0.667493
0.258711
0.691327
0.642439
0.813178
0.539597
0.517054
0.527494
0.345698
0.0868516
0.926228
0.290015
