0.505165
0.564186
0.638891
0.701099
0.342502
0.00270235
0.838476
0.771564
0.0702349
0.0603577
0.954262
0.537466
0.0701188
0.27334
0.555456
0.737372
0.451528
0.615755
0.455974
0.342321
0.266133
0.22984
0.126801
0.721591
0.937995
0.440091
0.0620086
0.123766
0.451765
0.404107
0.15122
0.151669
0.498225
0.140713
0.906648
0.135343
0.534717
0.0485388
0.835618
0.00290111
0.376312
0.13851
0.373429
0.0735679
0.194961
0.664541
0.11198
0.704246
0.454685
0.0546063
0.702121
0.725456
0.0790604
0.682349
0.560234
0.739774
0.0219925
0.825076
0.318167
0.402917
0.572767
0.760992
0.101784
0.534101
0.977369
0.579232
0.827574
0.532253
0.388492
0.051682
0.773303
0.0839844
0.442249
0.71116
0.0650377
0.170424
0.591024
0.937292
0.598011
0.166095
0.277439
0.782895
0.289288
0.775737
0.794544
0.110368
0.604168
0.142074
0.0265943
0.871966
0.570224
0.843468
0.732029
0.84786
0.8198
0.216677
0.19638
0.774745
0.833313
0.597501
