0.642738
0.645656
0.730658
0.0326857
0.936822
0.635796
0.0361765
0.362197
0.236122
0.490471
0.810895
0.788271
0.0672681
0.464928
0.889435
0.818576
0.444682
0.273602
0.916637
0.60461
0.0341894
0.709263
0.0299735
0.943128
0.923711
0.690373
0.44723
0.707224
0.129439
0.638006
0.988097
0.97828
0.445716
0.394876
0.189498
0.689486
0.0427248
0.411143
0.0119506
0.945674
0.751819
0.306739
0.213202
0.468951
0.341714
0.755051
0.950303
0.838589
0.466009
0.826606
0.149671
0.945232
0.692154
0.576956
0.348179
0.0234915
0.25034
0.805878
0.171038
0.783921
0.600889
0.0920766
0.349627
0.816424
0.619623
0.918734
0.264595
0.260908
0.167575
0.102776
0.052443
0.0505813
0.974317
0.281369
0.542158
0.171611
0.378574
0.164981
0.457621
0.910196
0.77723
0.993426
0.152172
0.733437
0.65358
0.975879
0.308434
0.777724
0.401296
0.126729
0.285098
0.47918
0.0341667
0.530516
0.883298
0.61005
0.458973
0.357868
0.460353
0.0510522
