0.966211
0.782043
0.483903
0.609513
0.7649
0.138584
0.3405
0.719211
0.230918
0.818817
0.384697
0.32748
0.686505
0.372664
0.136231
0.56468
0.527943
0.744721
0.211229
0.94534
0.44109
0.278523
0.583775
0.846698
0.0163977
0.858481
0.441754
0.436553
0.727533
0.69433
0.990901
0.231172
0.32954
0.846563
0.215761
0.583231
0.680732
0.751214
0.944529
0.99882
0.481448
0.560954
0.175002
0.516302
0.205365
0.809887
0.716621
0.57168
0.296395
0.892037
0.934414
0.122909
0.787
0.493674
0.442335
0.12693
0.450066
0.851647
0.913566
0.353146
0.401611
0.533444
0.485215
0.622055
0.150976
0.595263
0.2481
0.9849
0.692116
0.681163
0.967589
0.237867
0.477014
0.318357
0.818861
0.554752
0.652029
0.297202
0.994768
0.816886
0.257667
0.945903
0.181004
0.17659
0.690322
0.162477
0.334436
0.131842
0.827689
0.144767
0.991794
0.493876
0.818152
0.108336
0.345768
0.513282
0.2077
0.866872
0.834498
0.34799
