0.10552
0.0630204
0.426593
0.234192
0.805484
0.339706
0.632548
0.778696
0.777166
0.819852
0.835513
0.581223
0.950433
0.420066
0.310003
0.698631
0.707563
0.846691
0.703118
0.266406
0.131142
0.938661
0.494906
0.603785
0.244823
0.426096
0.145364
0.294834
0.85089
0.237927
0.594692
0.289681
0.551964
0.579611
0.700973
0.859577
0.82141
0.400392
0.895428
0.828648
0.669319
0.347423
0.282727
0.897486
0.818665
0.436799
0.554197
0.594333
0.102017
0.112242
0.131114
0.456114
0.813199
0.0258057
0.473944
0.649201
0.943851
0.894062
0.469879
0.253501
0.714451
0.452007
0.965699
0.279796
0.963789
0.448759
0.696571
0.187554
0.0455939
0.568597
0.389742
0.381692
0.141726
0.406557
0.884462
0.794756
0.348743
0.914677
0.647269
0.107951
0.197626
0.151207
0.635201
0.498585
0.967445
0.449793
0.384744
0.560418
0.974998
0.267931
0.839912
0.630979
0.657743
0.830873
0.342793
0.882687
0.275576
0.712452
0.618076
0.0511586
