0.0370808
0.499705
0.729864
0.132078
0.539868
0.348157
0.406124
0.873228
0.031332
0.199982
0.557355
0.344641
0.99008
0.488558
0.978752
0.942356
0.603735
0.255769
0.805191
0.766938
0.998156
0.0760743
0.352746
0.31966
0.816175
0.603748
0.206771
0.680969
0.659396
0.1938
0.424903
0.755684
0.860686
0.0471911
0.666833
0.944073
0.176886
0.697944
0.395433
0.00734837
0.858325
0.289252
0.868463
0.54328
0.232863
0.447857
0.422237
0.586584
0.275051
0.456691
0.491554
0.681811
0.0130378
0.140815
0.622373
0.986828
0.995177
0.697246
0.622694
0.764177
0.952798
0.050491
0.960169
0.827191
0.668232
0.767147
0.599456
0.882885
0.168642
0.646878
0.413992
0.432501
0.196728
0.0967479
0.469949
0.508179
0.243979
0.838594
0.256863
0.943767
0.468237
0.673172
0.124182
0.350979
0.825753
0.229274
0.793979
0.375282
0.0169758
0.0311632
0.594885
0.950005
0.711136
0.948373
0.617449
0.377278
0.994116
0.78244
0.65409
0.640201
