0.567005
0.826678
0.900201
0.791248
0.828768
0.115631
0.147551
0.997888
0.651599
0.943018
0.585873
0.806116
0.669384
0.495704
0.202511
0.446455
0.254718
0.930983
0.327965
0.0565008
0.728342
0.299612
0.224184
0.407513
0.656001
0.600674
0.890975
0.568485
0.513068
0.13371
0.924007
0.979949
0.00206319
0.139458
0.742592
0.145801
0.910658
0.202707
0.54373
0.169886
0.380363
0.923853
0.576242
0.0927582
0.884117
0.141895
0.114539
0.518887
0.266894
0.886334
0.248074
0.738189
0.517068
0.934012
0.259354
0.26021
0.854519
0.110269
0.617095
0.758721
0.688953
0.358076
0.630009
0.239448
0.986225
0.274078
0.957361
0.354647
0.781376
0.494366
0.648218
0.897347
0.748036
0.641099
0.559313
0.727637
0.553485
0.162916
0.662675
0.954101
0.982292
0.483261
0.238514
0.788945
0.751234
0.411597
0.439041
0.44194
0.702384
0.208444
0.915772
0.157426
0.553439
0.298901
0.309029
0.990342
0.464673
0.692858
0.236602
0.991608
