0.901457
0.58853
0.800924
0.454836
0.971167
0.119449
0.895012
0.860655
0.176536
0.0224676
0.0342281
0.410869
0.186239
0.361534
0.0829229
0.734825
0.778768
0.429182
0.551676
0.504789
0.874904
0.762983
0.11436
0.255729
0.788455
0.464454
0.139818
0.150335
0.961131
0.0415748
0.480763
0.451008
0.52338
0.0532352
0.619926
0.481364
0.406416
0.563553
0.118714
0.961271
0.877894
0.884362
0.469392
0.541822
0.587947
0.644703
0.863622
0.59846
0.990314
0.411792
0.455929
0.694695
0.275582
0.513872
0.638646
0.384844
0.859628
0.304948
0.0357011
0.855231
0.740181
0.930914
0.175894
0.125552
0.874875
0.683041
0.621003
0.149066
0.277786
0.260826
0.916725
0.998329
0.389319
0.62716
0.642602
0.966127
0.602583
0.678192
0.266079
0.748121
0.530152
0.444659
0.932213
0.0589214
0.564584
0.896213
0.195792
0.377854
0.653821
0.181138
0.723268
0.380164
0.975663
0.810277
0.351226
0.38823
0.560575
0.439558
0.32757
0.173949
