0.76787
0.115872
0.347108
0.541207
0.324024
0.182846
0.377202
0.667811
0.207952
0.947201
0.549142
0.354859
0.0758286
0.929768
0.975978
0.0770065
0.201552
0.290542
0.136109
0.847922
0.222022
0.557468
0.880082
0.470053
0.680066
0.812458
0.451644
0.068616
0.369299
0.264135
0.371812
0.131381
0.55886
0.937648
0.204249
0.389281
0.117127
0.684266
0.671386
0.597968
0.652327
0.117707
0.317669
0.0697774
0.437688
0.840667
0.982768
0.258916
0.627095
0.0284852
0.620617
0.15327
0.325851
0.832389
0.664357
0.577027
0.884212
0.765019
0.39808
0.968935
0.433114
0.728887
0.785016
0.215071
0.828345
0.790055
0.170154
0.0111998
0.635701
0.237571
0.806286
0.733423
0.642692
0.236176
0.548014
0.764017
0.598465
0.908191
0.732281
0.219391
0.125343
0.940775
0.632663
0.1197
0.718684
0.941549
0.858296
0.831607
0.122166
0.327009
0.0267534
0.605742
0.897659
0.893641
0.382857
0.475299
0.633815
0.601489
0.863405
0.177567
