0.85065
0.746163
0.261526
0.550758
0.687532
0.641318
0.703933
0.804464
0.924131
0.305329
0.178682
0.464216
0.994841
0.574378
0.52277
0.49995
0.527287
0.128152
0.07338
0.903564
0.0450456
0.382005
0.965558
0.972941
0.679268
0.726711
0.769726
0.691716
0.943031
0.784544
0.0617082
0.996251
0.562284
0.980747
0.314807
0.620387
0.272789
0.934977
0.860132
0.792087
0.565902
0.823543
0.419029
0.311747
0.587192
0.409813
0.696758
0.219753
0.489052
0.737234
0.768171
0.630002
0.732403
0.0804644
0.261523
0.0145752
0.846192
0.939038
0.255223
0.411103
0.212783
0.951971
0.229858
0.32943
0.324471
0.920493
0.198103
0.185186
0.357519
0.986578
0.291288
0.0517574
0.429388
0.09086
0.404469
0.880963
0.997013
0.984875
0.609444
0.555514
0.784163
0.758974
0.397716
0.883318
0.146136
0.955772
0.00450657
0.477156
0.157661
0.806917
0.0255035
0.157468
0.0543212
0.574314
0.418336
0.678593
0.730705
0.668427
0.37333
0.735364
