0.691116
0.929407
0.395714
0.759385
0.317739
0.533868
0.959717
0.657644
0.944455
0.593879
0.192692
0.637102
0.143169
0.748661
0.10224
0.475971
0.57072
0.201213
0.284192
0.318903
0.707973
0.74168
0.691821
0.416441
0.709145
0.621563
0.900462
0.783704
0.559947
0.349608
0.491863
0.365981
0.749666
0.540574
0.422522
0.689049
0.0978921
0.659732
0.78727
0.129253
0.535114
0.588549
0.817408
0.421572
0.428079
0.0107542
0.285049
0.845462
0.592077
0.301036
0.0949082
0.37862
0.17891
0.836509
0.489204
0.425923
0.216666
0.906919
0.375699
0.151529
0.180536
0.653206
0.492854
0.999443
0.270082
0.60994
0.666038
0.593056
0.968314
0.204654
0.584982
0.920788
0.268788
0.90731
0.748386
0.426304
0.499653
0.997485
0.737995
0.798417
0.780515
0.806885
0.0748654
0.912543
0.801811
0.764091
0.283859
0.0323855
0.198558
0.314052
0.928428
0.22844
0.78717
0.0762335
0.322727
0.101744
0.473282
0.177773
0.371364
0.532052
