0.566253
0.209434
0.565406
0.51321
0.285315
0.214456
0.497819
0.289973
0.841894
0.8458
0.325047
0.26879
0.301579
0.882609
0.578919
0.700717
0.161479
0.0761637
0.264482
0.5247
0.399082
0.277082
0.424316
0.993532
0.549785
0.654176
0.555858
0.252447
0.26068
0.656447
0.189583
0.433577
0.944515
0.687653
0.521298
0.0514485
0.735031
0.701055
0.706535
5.09424e-05
0.452328
0.595115
0.99671
0.394079
0.439711
0.82964
0.95994
0.385178
0.0106928
0.406704
0.212279
0.433693
0.28377
0.36748
0.266787
0.099868
0.44706
0.475803
0.605758
0.488229
0.884131
0.924367
0.317229
0.639289
0.281935
0.0388209
0.944725
0.521624
0.82534
0.879983
0.441952
0.979249
0.747473
0.361339
0.873939
0.799804
0.205326
0.487083
0.679723
0.673265
0.556818
0.0785072
0.37944
0.471786
0.993085
0.023273
0.445323
0.433348
0.321231
0.00970025
0.53492
0.18401
0.863111
0.414094
0.712317
0.969142
0.733203
0.358745
0.49281
0.704896
