0.794675
0.621294
0.145813
0.0791393
0.491301
0.642467
0.487048
0.235173
0.0704227
0.000213288
0.945861
0.425984
0.963076
0.647831
0.671198
0.27005
0.753334
0.445304
0.600307
0.557214
0.077815
0.42911
0.383835
0.336172
0.00451753
0.149008
0.499057
0.0711793
0.7432
0.335175
0.174406
0.710533
0.0217679
0.866066
0.423644
0.747843
0.386647
0.18563
0.903406
0.593347
0.863904
0.910449
0.528901
0.0769557
0.210248
0.330571
0.291355
0.63649
0.137014
0.673905
0.131795
0.102218
0.873959
0.869399
0.199098
0.832019
0.69764
0.416968
0.0874628
0.669992
0.627733
0.920784
0.0938766
0.13757
0.82269
0.468293
0.0679386
0.00910026
0.612717
0.409001
0.153465
0.388081
0.468708
0.65366
0.871245
0.0341271
0.986644
0.513248
0.398902
0.24177
0.488857
0.966188
0.405164
0.722349
0.441665
0.844668
0.699793
0.978093
0.638613
0.634827
0.613655
0.539312
0.740423
0.157648
0.85656
0.971648
0.539146
0.393093
0.667303
0.65503
