0.414087
0.356152
0.782932
0.537485
0.55906
0.198238
0.714405
0.418749
0.243489
0.162031
0.492977
0.603965
0.0645081
0.359142
0.984361
0.78395
0.77988
0.519748
0.577913
0.62165
0.706741
0.574683
0.755386
0.142642
0.383774
0.89918
0.801237
0.110238
0.938323
0.355501
0.878947
0.105301
0.174807
0.113155
0.4558
0.15693
0.347197
0.400432
0.488095
0.521968
0.57022
0.488572
0.711339
0.277679
0.579885
0.0938996
0.651683
0.523539
0.0615848
0.364252
0.514663
0.0533852
0.219413
0.487711
0.768587
0.177288
0.242417
0.0394898
0.939092
0.0351818
0.571624
0.847976
0.780772
0.898148
0.662756
0.100677
0.920866
0.372926
0.0410133
0.343878
0.0152255
0.93486
0.638754
0.756909
0.0652396
0.645326
0.411035
0.365814
0.776638
0.120945
0.400325
0.0701807
0.609607
0.407904
0.164089
0.800259
0.534911
0.308276
0.034871
0.0475059
0.78194
0.0684521
0.923888
0.530592
0.579433
0.0699395
0.636862
0.456459
0.163448
0.490199
