0.864097
0.921606
0.713277
0.940988
0.2511
0.491619
0.914695
0.516853
0.88617
0.314724
0.709088
0.714428
0.861916
0.60401
0.802888
0.0604774
0.334691
0.575287
0.235223
0.234487
0.794072
0.156413
0.853922
0.187584
0.793674
0.840641
0.102293
0.959074
0.341224
0.756111
0.956374
0.24529
0.885945
0.0550273
0.794982
0.407505
0.7254
0.516989
0.779313
0.126488
0.997794
0.985927
0.473193
0.559059
0.354033
0.651527
0.0882134
0.042138
0.428438
0.949065
0.38792
0.495065
0.423092
0.214805
0.597626
0.0404774
0.740382
0.161952
0.465869
0.534853
0.044771
0.129489
0.865515
0.724158
0.890154
0.739818
0.0820635
0.207661
0.0241975
0.0322129
0.585803
0.700063
0.535699
0.511288
0.391614
0.450489
0.241306
0.305334
0.939757
0.730233
0.912424
0.399361
0.246516
0.769405
0.427885
0.778291
0.876983
0.552475
0.173455
0.423551
0.696096
0.982596
0.0512603
0.434423
0.600956
0.7544
0.945333
0.624375
0.706071
0.428301
