0.112564
0.657273
0.761022
0.986021
0.045314
0.0864844
0.142758
0.91452
0.821792
0.291937
0.434075
0.710691
0.305154
0.761146
0.230298
0.613233
0.608712
0.596889
0.128209
0.221691
0.307993
0.842157
0.789747
0.704769
0.416529
0.509644
0.617203
0.703197
0.215234
0.898983
0.295107
0.00870792
0.0568516
0.391353
0.664264
0.479749
0.548701
0.404595
0.75085
0.963471
0.0804
0.341525
0.522048
0.0816375
0.790124
0.0348843
0.869538
0.779221
0.760015
0.415184
0.659423
0.581979
0.572163
0.666734
0.824034
0.902017
0.953683
0.770942
0.509568
0.0926098
0.0255191
0.625583
0.607412
0.515528
0.801708
0.780147
0.381126
0.255992
0.000854874
0.758007
0.976937
0.549323
0.630378
0.641908
0.572485
0.0229368
0.716047
0.649449
0.0768442
0.526517
0.169219
0.802401
0.719553
0.367063
0.393264
0.286687
0.203734
0.368312
0.974777
0.872771
0.0828497
0.466962
0.892469
0.113119
0.853252
0.967882
0.527957
0.533496
0.903151
0.198531
