0.183846
0.378982
0.333972
0.0384335
0.0276675
0.0177703
0.566863
0.419573
0.925295
0.135591
0.487487
0.421604
0.871763
0.740694
0.833797
0.841652
0.364926
0.462695
0.296093
0.217311
0.504189
0.520242
0.830491
0.702364
0.408696
0.0691994
0.0480503
0.436123
0.704792
0.447554
0.0975946
0.101324
0.598168
0.503573
0.537799
0.969761
0.415642
0.937334
0.150244
0.117644
0.915779
0.988059
0.59589
0.408586
0.846306
0.321071
0.490252
0.0979537
0.65085
0.0245056
0.499285
0.40555
0.717918
0.891017
0.644287
0.401674
0.523351
0.283595
0.597628
0.962737
0.0748706
0.0755983
0.257661
0.750279
0.941774
0.0198925
0.245036
0.745447
0.688331
0.957239
0.802597
0.263321
0.427086
0.405571
0.0357179
0.45623
0.11775
0.375519
0.796116
0.0178363
0.204431
0.838263
0.108209
0.50466
0.0186939
0.923854
0.38356
0.860422
0.0702739
0.14217
0.366707
0.371426
0.729271
0.804977
0.521251
0.690045
0.849994
0.922925
0.796833
0.124168
