0.12961
0.498604
0.79617
0.401235
0.867228
0.275186
0.407212
0.695877
0.417458
0.871688
0.187892
0.0788878
0.900922
0.0926936
0.21571
0.960689
0.98509
0.941006
0.892846
0.961968
0.422396
0.0868011
0.443797
0.152172
0.529336
0.505591
0.433164
0.192665
0.504133
0.750265
0.168006
0.671383
0.128797
0.058525
0.434772
0.0258559
0.606725
0.186058
0.267673
0.294601
0.454467
0.531815
0.525317
0.577824
0.498815
0.95388
0.0242347
0.0873466
0.445264
0.329435
0.214516
0.352499
0.385716
0.668313
0.96276
0.605272
0.694794
0.742947
0.929675
0.198306
0.268132
0.91192
0.0855214
0.26476
0.318536
0.556012
0.300933
0.895857
0.357766
0.791241
0.74048
0.532525
0.11534
0.175737
0.348964
0.200867
0.267389
0.0658113
0.860796
0.649805
0.438837
0.837711
0.625755
0.369866
0.419355
0.952219
0.185071
0.806058
0.412049
0.938995
0.604755
0.13102
0.307052
0.481128
0.0238054
0.28024
0.207016
0.937344
0.689252
0.840398
