0.00155882
0.828844
0.367955
0.75343
0.841334
0.577009
0.964633
0.534314
0.742729
0.256408
0.340449
0.263403
0.921012
0.424321
0.798684
0.809292
0.639523
0.501238
0.653401
0.420662
0.6127
0.937332
0.615924
0.929497
0.597764
0.276613
0.983659
0.984539
0.0344916
0.970491
0.730293
0.978964
0.248615
0.247525
0.424773
0.975241
0.146549
0.727579
0.413271
0.202322
0.499011
0.434258
0.847411
0.885991
0.831125
0.383118
0.65159
0.00523291
0.126414
0.0371036
0.810157
0.685526
0.022903
0.87956
0.254765
0.918525
0.557339
0.573473
0.991642
0.617325
0.76035
0.96306
0.435583
0.480371
0.241572
0.537059
0.251227
0.0253227
0.597108
0.0780989
0.167506
0.755147
0.0746507
0.671856
0.637692
0.484379
0.234533
0.363341
0.298774
0.603256
0.858553
0.683705
0.474616
0.784021
0.213318
0.535869
0.632612
0.185582
0.012593
0.359737
0.565118
0.0767648
0.132735
0.511355
0.464464
0.0058475
0.265964
0.897917
0.42989
0.677533
