0.427343
0.641833
0.170429
0.746923
0.41559
0.642376
0.878765
0.771925
0.937843
0.0212319
0.556058
0.243547
0.801718
0.802569
0.136569
0.0253141
0.620228
0.852844
0.384746
0.562679
0.920107
0.068336
0.786919
0.488984
0.983859
0.469921
0.404351
0.206611
0.988981
0.900033
0.710935
0.517288
0.172232
0.329193
0.240434
0.815981
0.594885
0.39125
0.0344984
0.36982
0.794641
0.74259
0.129457
0.292504
0.998051
0.442014
0.719277
0.852092
0.469731
0.158583
0.123252
0.541258
0.511725
0.818035
0.00260957
0.58278
0.149521
0.693079
0.73981
0.0932884
0.306537
0.68272
0.725281
0.897732
0.345253
0.998927
0.485502
0.926897
0.143191
0.39568
0.45242
0.507105
0.432537
0.629396
0.665893
0.049006
0.466944
0.368816
0.729138
0.488802
0.85119
0.966642
0.616238
0.900507
0.231594
0.962369
0.578188
0.739452
0.79974
0.402992
0.171652
0.864264
0.470422
0.274233
0.588969
0.973469
0.472946
0.192382
0.0762451
0.269756
