0.205359
0.392277
0.863462
0.190343
0.290972
0.503849
0.744008
0.975312
0.569563
0.660394
0.769601
0.389383
0.62097
0.0641065
0.355895
0.285483
0.317045
0.470119
0.476636
0.687375
0.31825
0.132402
0.178374
0.956684
0.399056
0.86008
0.614058
0.607617
0.88004
0.526195
0.0990035
0.620338
0.334893
0.0529727
0.358276
0.141406
0.309002
0.280844
0.928854
0.498261
0.0996914
0.176689
0.263789
0.472629
0.482781
0.885082
0.576475
0.0561846
0.441561
0.169102
0.694892
0.722921
0.045704
0.729696
0.385329
0.767374
0.257442
0.159413
0.0552931
0.381967
0.602503
0.194255
0.945076
0.239574
0.0141998
0.444429
0.380569
0.0328204
0.705787
0.629651
0.605477
0.379827
0.209225
0.806531
0.660861
0.337323
0.452713
0.460615
0.36209
0.540747
0.990753
0.650401
0.953571
0.184392
0.542011
0.496607
0.151698
0.130966
0.544377
0.387067
0.71302
0.0231286
0.604017
0.972991
0.0384622
0.8602
0.939107
0.468977
0.948238
0.177323
