0.6935
0.954107
0.300734
0.901028
0.0413988
0.489764
0.624744
0.299564
0.98147
0.791222
0.0867754
0.400975
0.130358
0.580621
0.305153
0.602137
0.154492
0.0995796
0.501893
0.742476
0.061205
0.430223
0.949358
0.801902
0.390085
0.319464
0.72369
0.597951
0.611709
0.124109
0.36049
0.785106
0.872458
0.28845
0.391501
0.324336
0.437082
0.3251
0.488899
0.662992
0.0450673
0.801693
0.0402958
0.604958
0.136614
0.576797
0.342741
0.635107
0.682395
0.583511
0.67612
0.647864
0.321645
0.151163
0.687172
0.678508
0.94275
0.483998
0.136984
0.00976239
0.633212
0.345011
0.538497
0.400412
0.200369
0.57104
0.67307
0.470008
0.843111
0.552923
0.00448421
0.151827
0.622393
0.410274
0.537935
0.747535
0.531945
0.0756293
0.724775
0.392989
0.156859
0.983255
0.215626
0.168382
0.98314
0.521786
0.038418
0.63998
0.894197
0.780739
0.635555
0.375258
0.862609
0.227911
0.19057
0.879598
0.222572
0.324235
0.277905
0.49986
