0.701805
0.498922
0.068966
0.916293
0.916984
0.560316
0.40884
0.859835
0.777783
0.134998
0.306333
0.634139
0.214279
0.344669
0.537593
0.802288
0.0203617
0.469503
0.434478
0.620309
0.772523
0.261219
0.451099
0.0283594
0.220662
0.582668
0.256399
0.125807
0.928585
0.429699
0.135209
0.608885
0.894901
0.971113
0.29503
0.550328
0.971452
0.244795
0.0303758
0.31027
0.181098
0.54734
0.627441
0.283137
0.829966
0.908982
0.544526
0.829814
0.736057
0.0722152
0.684017
0.320838
0.826312
0.901466
0.42949
0.281112
0.283031
0.954089
0.714844
0.711479
0.047826
0.592245
0.711347
0.140307
0.732467
0.225089
0.445791
0.436189
0.409815
0.839878
0.368015
0.652781
0.154379
0.999173
0.273404
0.187114
0.173227
0.406584
0.649659
0.646913
0.837175
0.282176
0.753922
0.34335
0.0906907
0.800132
0.425099
0.710186
0.219389
0.82513
0.62218
0.237951
0.294922
0.127188
0.0284804
0.149561
0.36218
0.160553
0.493991
0.470523
