0.0340423
0.627667
0.271309
0.0605021
0.0117035
0.174719
0.905495
0.597847
0.479004
0.825948
0.713254
0.725195
0.998726
0.384766
0.596002
0.246834
0.923407
0.0586149
0.288944
0.0119205
0.583626
0.625657
0.0518072
0.0731901
0.470834
0.506786
0.0378361
0.817085
0.679113
0.845538
0.456667
0.126074
0.659052
0.0357881
0.852189
0.729196
0.778844
0.757394
0.989981
0.176827
0.945935
0.503793
0.124881
0.941644
0.0524978
0.930707
0.190279
0.536696
0.412683
0.642093
0.558114
0.505844
0.747091
0.57522
0.28876
0.410819
0.901015
0.945636
0.697546
0.74689
0.432601
0.158707
0.26488
0.733592
0.753506
0.871487
0.7709
0.0897789
0.802586
0.293409
0.306231
0.835385
0.763656
0.0467993
0.460352
0.266457
0.959172
0.166366
0.305871
0.4852
0.567774
0.685632
0.771558
0.0622671
0.242667
0.984918
0.683645
0.00720974
0.22844
0.924738
0.13783
0.297013
0.226301
0.746718
0.0784804
0.486093
0.41775
0.889649
0.629426
0.222548
